   2.0000 2.8884e+08 5.6873e+07 6.2986e+08 6.6064e+07 6.1754e+08 2.2419e+08 3.7968e+08 0.0 0.0
   2.2500 2.4504e+08 6.3186e+07 5.1529e+08 7.1044e+07 5.0488e+08 1.9216e+08 3.1932e+08 0.0 0.0
   2.5000 2.0472e+08 6.4242e+07 4.1640e+08 7.0806e+07 4.0788e+08 1.6228e+08 2.6416e+08 0.0 0.0
   2.7500 1.6960e+08 6.0954e+07 3.3466e+08 6.6329e+07 3.2780e+08 1.3585e+08 2.1669e+08 0.0 0.0
   3.0000 1.3996e+08 5.5999e+07 2.6864e+08 6.0376e+07 2.6315e+08 1.1320e+08 1.7714e+08 0.0 0.0
   3.2500 1.1535e+08 5.0437e+07 2.1588e+08 5.4002e+07 2.1150e+08 9.4136e+07 1.4471e+08 0.0 0.0
   3.5000 9.5107e+07 4.4774e+07 1.7391e+08 4.7678e+07 1.7041e+08 7.8259e+07 1.1835e+08 0.0 0.0
   3.7500 7.8543e+07 3.9393e+07 1.4059e+08 4.1763e+07 1.3778e+08 6.5128e+07 9.6998e+07 0.0 0.0
   4.0000 6.5032e+07 3.4471e+07 1.1412e+08 3.6408e+07 1.1187e+08 5.4324e+07 7.9720e+07 0.0 0.0
   4.2500 5.4021e+07 3.0056e+07 9.3056e+07 3.1640e+07 9.1254e+07 4.5451e+07 6.5743e+07 0.0 0.0
   4.5000 4.5045e+07 2.6141e+07 7.6261e+07 2.7439e+07 7.4817e+07 3.8162e+07 5.4430e+07 0.0 0.0
   4.7500 3.7725e+07 2.2728e+07 6.2842e+07 2.3795e+07 6.1681e+07 3.2169e+07 4.5272e+07 0.0 0.0
   5.0000 3.1733e+07 1.9773e+07 5.2064e+07 2.0655e+07 5.1127e+07 2.7226e+07 3.7833e+07 0.0 0.0
   5.2500 2.6808e+07 1.7216e+07 4.3358e+07 1.7947e+07 4.2599e+07 2.3134e+07 3.1762e+07 0.0 0.0
   5.5000 2.2743e+07 1.5003e+07 3.6287e+07 1.5612e+07 3.5670e+07 1.9734e+07 2.6787e+07 0.0 0.0
   5.7500 1.9374e+07 1.3094e+07 3.0521e+07 1.3603e+07 3.0015e+07 1.6898e+07 2.2693e+07 0.0 0.0
   6.0000 1.6569e+07 1.1367e+07 2.5792e+07 1.1787e+07 2.5377e+07 1.4522e+07 1.9307e+07 0.0 0.0
   6.2500 1.4223e+07 9.8448e+06 2.1894e+07 1.0188e+07 2.1550e+07 1.2523e+07 1.6493e+07 0.0 0.0
   6.5000 1.2254e+07 8.5536e+06 1.8663e+07 8.8360e+06 1.8378e+07 1.0837e+07 1.4144e+07 0.0 0.0
   6.7500 1.0595e+07 7.4549e+06 1.5973e+07 7.6879e+06 1.5736e+07 9.4084e+06 1.2175e+07 0.0 0.0
   7.0000 9.1918e+06 6.5163e+06 1.3724e+07 6.7093e+06 1.3525e+07 8.1941e+06 1.0518e+07 0.0 0.0
   7.2500 7.9998e+06 5.7118e+06 1.1834e+07 5.8722e+06 1.1668e+07 7.1580e+06 9.1183e+06 0.0 0.0
   7.5000 6.9838e+06 5.0203e+06 1.0241e+07 5.1542e+06 1.0101e+07 6.2711e+06 7.9304e+06 0.0 0.0
   7.7500 6.1148e+06 4.4242e+06 8.8925e+06 4.5363e+06 8.7736e+06 5.5094e+06 6.9190e+06 0.0 0.0
   8.0000 5.3693e+06 3.9090e+06 7.7465e+06 4.0032e+06 7.6455e+06 4.8533e+06 6.0549e+06 0.0 0.0
   8.2500 4.7278e+06 3.4625e+06 6.7694e+06 3.5420e+06 6.6833e+06 4.2866e+06 5.3145e+06 0.0 0.0
   8.5000 4.1745e+06 3.0745e+06 5.9334e+06 3.1416e+06 5.8597e+06 3.7959e+06 4.6782e+06 0.0 0.0
   8.7500 3.6955e+06 2.7362e+06 5.2157e+06 2.7932e+06 5.1525e+06 3.3696e+06 4.1296e+06 0.0 0.0
   9.0000 3.2796e+06 2.4406e+06 4.5977e+06 2.4892e+06 4.5431e+06 2.9983e+06 3.6548e+06 0.0 0.0
   9.2500 2.9174e+06 2.1817e+06 4.0638e+06 2.2231e+06 4.0166e+06 2.6738e+06 3.2428e+06 0.0 0.0
   9.5000 2.6010e+06 1.9542e+06 3.6012e+06 1.9898e+06 3.5604e+06 2.3895e+06 2.8840e+06 0.0 0.0
   9.7500 2.3239e+06 1.7541e+06 3.1994e+06 1.7846e+06 3.1639e+06 2.1399e+06 2.5708e+06 0.0 0.0
  10.0000 2.0808e+06 1.5775e+06 2.8491e+06 1.6038e+06 2.8182e+06 1.9202e+06 2.2968e+06 0.0 0.0
  10.2500 1.8670e+06 1.4214e+06 2.5428e+06 1.4441e+06 2.5157e+06 1.7266e+06 2.0566e+06 0.0 0.0
  10.5000 1.6787e+06 1.2831e+06 2.2744e+06 1.3028e+06 2.2506e+06 1.5555e+06 1.8454e+06 0.0 0.0
  10.7500 1.5123e+06 1.1604e+06 2.0385e+06 1.1775e+06 2.0176e+06 1.4040e+06 1.6593e+06 0.0 0.0
  11.0000 1.3650e+06 1.0511e+06 1.8309e+06 1.0660e+06 1.8124e+06 1.2695e+06 1.4950e+06 0.0 0.0
  11.2500 1.2342e+06 9.5378e+05 1.6477e+06 9.6677e+05 1.6314e+06 1.1499e+06 1.3494e+06 0.0 0.0
  11.5000 1.1180e+06 8.6682e+05 1.4858e+06 8.7818e+05 1.4713e+06 1.0433e+06 1.2203e+06 0.0 0.0
  11.7500 1.0144e+06 7.8900e+05 1.3424e+06 7.9897e+05 1.3295e+06 9.4807e+05 1.1055e+06 0.0 0.0
  12.0000 9.2187e+05 7.1926e+05 1.2151e+06 7.2803e+05 1.2036e+06 8.6291e+05 1.0032e+06 0.0 0.0
  12.2500 8.3914e+05 6.5666e+05 1.1017e+06 6.6439e+05 1.0914e+06 7.8660e+05 9.1185e+05 0.0 0.0
  12.5000 7.6500e+05 6.0038e+05 1.0005e+06 6.0720e+05 9.9130e+05 7.1807e+05 8.3016e+05 0.0 0.0
  12.7500 6.9844e+05 5.4968e+05 9.1002e+05 5.5573e+05 9.0178e+05 6.5645e+05 7.5694e+05 0.0 0.0
  13.0000 6.3859e+05 5.0395e+05 8.2900e+05 5.0932e+05 8.2159e+05 6.0094e+05 6.9121e+05 0.0 0.0
  13.2500 5.8468e+05 4.6262e+05 7.5633e+05 4.6740e+05 7.4965e+05 5.5086e+05 6.3210e+05 0.0 0.0
  13.5000 5.3604e+05 4.2522e+05 6.9103e+05 4.2948e+05 6.8500e+05 5.0560e+05 5.7885e+05 0.0 0.0
  13.7500 4.9208e+05 3.9132e+05 6.3228e+05 3.9512e+05 6.2683e+05 4.6465e+05 5.3081e+05 0.0 0.0
  14.0000 4.5231e+05 3.6054e+05 5.7934e+05 3.6395e+05 5.7440e+05 4.2753e+05 4.8739e+05 0.0 0.0
  14.2500 4.1626e+05 3.3257e+05 5.3155e+05 3.3563e+05 5.2707e+05 3.9385e+05 4.4810e+05 0.0 0.0
  14.5000 3.8354e+05 3.0711e+05 4.8837e+05 3.0986e+05 4.8430e+05 3.6324e+05 4.1248e+05 0.0 0.0
  14.7500 3.5381e+05 2.8392e+05 4.4926e+05 2.8639e+05 4.4556e+05 3.3539e+05 3.8016e+05 0.0 0.0
  15.0000 3.2676e+05 2.6276e+05 4.1379e+05 2.6499e+05 4.1040e+05 3.1001e+05 3.5078e+05 0.0 0.0
  15.2500 3.0210e+05 2.4343e+05 3.8156e+05 2.4544e+05 3.7847e+05 2.8686e+05 3.2404e+05 0.0 0.0
  15.5000 2.7961e+05 2.2576e+05 3.5224e+05 2.2758e+05 3.4942e+05 2.6572e+05 2.9967e+05 0.0 0.0
  15.7500 2.5907e+05 2.0957e+05 3.2555e+05 2.1123e+05 3.2296e+05 2.4639e+05 2.7743e+05 0.0 0.0
  16.0000 2.4028e+05 1.9474e+05 3.0120e+05 1.9624e+05 2.9882e+05 2.2869e+05 2.5712e+05 0.0 0.0
  16.2500 2.2308e+05 1.8113e+05 2.7897e+05 1.8249e+05 2.7679e+05 2.1247e+05 2.3854e+05 0.0 0.0
  16.5000 2.0732e+05 1.6862e+05 2.5864e+05 1.6986e+05 2.5664e+05 1.9759e+05 2.2153e+05 0.0 0.0
  16.7500 1.9285e+05 1.5712e+05 2.4004e+05 1.5825e+05 2.3819e+05 1.8393e+05 2.0593e+05 0.0 0.0
  17.0000 1.7956e+05 1.4653e+05 2.2300e+05 1.4756e+05 2.2129e+05 1.7137e+05 1.9162e+05 0.0 0.0
  17.2500 1.6734e+05 1.3677e+05 2.0737e+05 1.3772e+05 2.0579e+05 1.5981e+05 1.7847e+05 0.0 0.0
  17.5000 1.5610e+05 1.2777e+05 1.9301e+05 1.2863e+05 1.9155e+05 1.4916e+05 1.6638e+05 0.0 0.0
  17.7500 1.4574e+05 1.1946e+05 1.7981e+05 1.2025e+05 1.7846e+05 1.3934e+05 1.5524e+05 0.0 0.0
  18.0000 1.3617e+05 1.1177e+05 1.6766e+05 1.1250e+05 1.6641e+05 1.3027e+05 1.4497e+05 0.0 0.0
  18.2500 1.2733e+05 1.0466e+05 1.5647e+05 1.0533e+05 1.5531e+05 1.2188e+05 1.3548e+05 0.0 0.0
  18.5000 1.1915e+05 9.8075e+04 1.4615e+05 9.8688e+04 1.4507e+05 1.1411e+05 1.2672e+05 0.0 0.0
  18.7500 1.1159e+05 9.1973e+04 1.3662e+05 9.2537e+04 1.3561e+05 1.0692e+05 1.1861e+05 0.0 0.0
  19.0000 1.0458e+05 8.6311e+04 1.2781e+05 8.6831e+04 1.2687e+05 1.0025e+05 1.1111e+05 0.0 0.0
  19.2500 9.8077e+04 8.1055e+04 1.1966e+05 8.1535e+04 1.1879e+05 9.4064e+04 1.0415e+05 0.0 0.0
  19.5000 9.2047e+04 7.6171e+04 1.1212e+05 7.6615e+04 1.1131e+05 8.8321e+04 9.7706e+04 0.0 0.0
  19.7500 8.6448e+04 7.1630e+04 1.0513e+05 7.2040e+04 1.0437e+05 8.2985e+04 9.1723e+04 0.0 0.0
  20.0000 8.1245e+04 6.7403e+04 9.8652e+04 6.7783e+04 9.7942e+04 7.8024e+04 8.6166e+04 0.0 0.0
  20.2500 7.6406e+04 6.3467e+04 9.2636e+04 6.3819e+04 9.1972e+04 7.3408e+04 8.1002e+04 0.0 0.0
  20.5000 7.1904e+04 5.9797e+04 8.7048e+04 6.0124e+04 8.6426e+04 6.9110e+04 7.6199e+04 0.0 0.0
  20.7500 6.7711e+04 5.6375e+04 8.1853e+04 5.6678e+04 8.1270e+04 6.5106e+04 7.1729e+04 0.0 0.0
  21.0000 6.3804e+04 5.3181e+04 7.7019e+04 5.3462e+04 7.6472e+04 6.1373e+04 6.7565e+04 0.0 0.0
  21.2500 6.0161e+04 5.0197e+04 7.2517e+04 5.0459e+04 7.2004e+04 5.7890e+04 6.3684e+04 0.0 0.0
  21.5000 5.6761e+04 4.7408e+04 6.8322e+04 4.7652e+04 6.7840e+04 5.4639e+04 6.0064e+04 0.0 0.0
  21.7500 5.3584e+04 4.4799e+04 6.4410e+04 4.5026e+04 6.3957e+04 5.1600e+04 5.6684e+04 0.0 0.0
  22.0000 5.0615e+04 4.2358e+04 6.0759e+04 4.2569e+04 6.0332e+04 4.8757e+04 5.3526e+04 0.0 0.0
  22.2500 4.7836e+04 4.0071e+04 5.7349e+04 4.0268e+04 5.6947e+04 4.6096e+04 5.0572e+04 0.0 0.0
  22.5000 4.5235e+04 3.7927e+04 5.4162e+04 3.8112e+04 5.3784e+04 4.3603e+04 4.7808e+04 0.0 0.0
  22.7500 4.2799e+04 3.5918e+04 5.1182e+04 3.6090e+04 5.0825e+04 4.1267e+04 4.5220e+04 0.0 0.0
  23.0000 4.0515e+04 3.4032e+04 4.8393e+04 3.4193e+04 4.8056e+04 3.9076e+04 4.2795e+04 0.0 0.0
  23.2500 3.8373e+04 3.2261e+04 4.5781e+04 3.2413e+04 4.5462e+04 3.7021e+04 4.0522e+04 0.0 0.0
  23.5000 3.6362e+04 3.0598e+04 4.3333e+04 3.0740e+04 4.3032e+04 3.5091e+04 3.8389e+04 0.0 0.0
  23.7500 3.4475e+04 2.9034e+04 4.1038e+04 2.9168e+04 4.0753e+04 3.3278e+04 3.6387e+04 0.0 0.0
  24.0000 3.2701e+04 2.7564e+04 3.8884e+04 2.7689e+04 3.8615e+04 3.1574e+04 3.4506e+04 0.0 0.0
  24.2500 3.1033e+04 2.6180e+04 3.6862e+04 2.6298e+04 3.6607e+04 2.9971e+04 3.2739e+04 0.0 0.0
  24.5000 2.9465e+04 2.4878e+04 3.4963e+04 2.4988e+04 3.4721e+04 2.8463e+04 3.1077e+04 0.0 0.0
  24.7500 2.7989e+04 2.3651e+04 3.3177e+04 2.3755e+04 3.2948e+04 2.7044e+04 2.9514e+04 0.0 0.0
  25.0000 2.6598e+04 2.2494e+04 3.1498e+04 2.2592e+04 3.1281e+04 2.5706e+04 2.8042e+04 0.0 0.0
  25.2500 2.5289e+04 2.1404e+04 2.9918e+04 2.1496e+04 2.9712e+04 2.4446e+04 2.6656e+04 0.0 0.0
  25.5000 2.4054e+04 2.0375e+04 2.8430e+04 2.0462e+04 2.8234e+04 2.3258e+04 2.5349e+04 0.0 0.0
  25.7500 2.2890e+04 1.9404e+04 2.7028e+04 1.9486e+04 2.6842e+04 2.2137e+04 2.4118e+04 0.0 0.0
  26.0000 2.1792e+04 1.8487e+04 2.5707e+04 1.8565e+04 2.5530e+04 2.1078e+04 2.2956e+04 0.0 0.0
  26.2500 2.0754e+04 1.7620e+04 2.4461e+04 1.7694e+04 2.4292e+04 2.0079e+04 2.1859e+04 0.0 0.0
  26.5000 1.9774e+04 1.6801e+04 2.3285e+04 1.6870e+04 2.3125e+04 1.9135e+04 2.0823e+04 0.0 0.0
  26.7500 1.8848e+04 1.6025e+04 2.2175e+04 1.6091e+04 2.2022e+04 1.8243e+04 1.9844e+04 0.0 0.0
  27.0000 1.7973e+04 1.5292e+04 2.1126e+04 1.5354e+04 2.0981e+04 1.7398e+04 1.8919e+04 0.0 0.0
  27.2500 1.7145e+04 1.4597e+04 2.0136e+04 1.4656e+04 1.9997e+04 1.6600e+04 1.8044e+04 0.0 0.0
  27.5000 1.6361e+04 1.3938e+04 1.9199e+04 1.3994e+04 1.9067e+04 1.5843e+04 1.7216e+04 0.0 0.0
  27.7500 1.5618e+04 1.3315e+04 1.8313e+04 1.3368e+04 1.8187e+04 1.5127e+04 1.6432e+04 0.0 0.0
  28.0000 1.4915e+04 1.2723e+04 1.7475e+04 1.2773e+04 1.7355e+04 1.4449e+04 1.5690e+04 0.0 0.0
  28.2500 1.4249e+04 1.2162e+04 1.6681e+04 1.2210e+04 1.6567e+04 1.3806e+04 1.4987e+04 0.0 0.0
  28.5000 1.3617e+04 1.1630e+04 1.5930e+04 1.1675e+04 1.5820e+04 1.3196e+04 1.4320e+04 0.0 0.0
  28.7500 1.3018e+04 1.1125e+04 1.5217e+04 1.1168e+04 1.5113e+04 1.2617e+04 1.3688e+04 0.0 0.0
  29.0000 1.2450e+04 1.0645e+04 1.4542e+04 1.0686e+04 1.4442e+04 1.2068e+04 1.3088e+04 0.0 0.0
  29.2500 1.1910e+04 1.0189e+04 1.3902e+04 1.0228e+04 1.3807e+04 1.1547e+04 1.2519e+04 0.0 0.0
  29.5000 1.1398e+04 9.7561e+03 1.3295e+04 9.7930e+03 1.3203e+04 1.1052e+04 1.1979e+04 0.0 0.0
  29.7500 1.0911e+04 9.3444e+03 1.2718e+04 9.3796e+03 1.2631e+04 1.0581e+04 1.1466e+04 0.0 0.0
  30.0000 1.0448e+04 8.9530e+03 1.2170e+04 8.9864e+03 1.2087e+04 1.0134e+04 1.0978e+04 0.0 0.0
  30.2500 1.0008e+04 8.5806e+03 1.1650e+04 8.6125e+03 1.1570e+04 9.7086e+03 1.0514e+04 0.0 0.0
  30.5000 9.5902e+03 8.2262e+03 1.1156e+04 8.2566e+03 1.1079e+04 9.3040e+03 1.0074e+04 0.0 0.0
  30.7500 9.1922e+03 7.8889e+03 1.0686e+04 7.9179e+03 1.0613e+04 8.9191e+03 9.6543e+03 0.0 0.0
  31.0000 8.8134e+03 7.5677e+03 1.0239e+04 7.5953e+03 1.0169e+04 8.5526e+03 9.2552e+03 0.0 0.0
  31.2500 8.4528e+03 7.2617e+03 9.8138e+03 7.2881e+03 9.7466e+03 8.2037e+03 8.8754e+03 0.0 0.0
  31.5000 8.1093e+03 6.9702e+03 9.4091e+03 6.9953e+03 9.3446e+03 7.8713e+03 8.5137e+03 0.0 0.0
  31.7500 7.7820e+03 6.6923e+03 9.0238e+03 6.7163e+03 8.9619e+03 7.5545e+03 8.1691e+03 0.0 0.0
  32.0000 7.4701e+03 6.4272e+03 8.6568e+03 6.4502e+03 8.5975e+03 7.2526e+03 7.8407e+03 0.0 0.0
  32.2500 7.1727e+03 6.1744e+03 8.3072e+03 6.1963e+03 8.2502e+03 6.9646e+03 7.5276e+03 0.0 0.0
  32.5000 6.8890e+03 5.9330e+03 7.9740e+03 5.9540e+03 7.9193e+03 6.6899e+03 7.2291e+03 0.0 0.0
  32.7500 6.6184e+03 5.7026e+03 7.6563e+03 5.7227e+03 7.6038e+03 6.4279e+03 6.9444e+03 0.0 0.0
  33.0000 6.3601e+03 5.4826e+03 7.3534e+03 5.5018e+03 7.3029e+03 6.1777e+03 6.6727e+03 0.0 0.0
  33.2500 6.1136e+03 5.2725e+03 7.0644e+03 5.2908e+03 7.0159e+03 5.9388e+03 6.4133e+03 0.0 0.0
  33.5000 5.8781e+03 5.0716e+03 6.7886e+03 5.0892e+03 6.7420e+03 5.7107e+03 6.1657e+03 0.0 0.0
  33.7500 5.6531e+03 4.8797e+03 6.5254e+03 4.8965e+03 6.4805e+03 5.4927e+03 5.9291e+03 0.0 0.0
  34.0000 5.4382e+03 4.6961e+03 6.2740e+03 4.7123e+03 6.2309e+03 5.2844e+03 5.7032e+03 0.0 0.0
  34.2500 5.2328e+03 4.5206e+03 6.0338e+03 4.5361e+03 5.9924e+03 5.0852e+03 5.4872e+03 0.0 0.0
  34.5000 5.0363e+03 4.3527e+03 5.8044e+03 4.3675e+03 5.7644e+03 4.8948e+03 5.2807e+03 0.0 0.0
  34.7500 4.8484e+03 4.1920e+03 5.5851e+03 4.2062e+03 5.5466e+03 4.7126e+03 5.0832e+03 0.0 0.0
  35.0000 4.6687e+03 4.0382e+03 5.3754e+03 4.0518e+03 5.3384e+03 4.5383e+03 4.8944e+03 0.0 0.0
  35.2500 4.4967e+03 3.8910e+03 5.1748e+03 3.9040e+03 5.1392e+03 4.3715e+03 4.7136e+03 0.0 0.0
  35.5000 4.3320e+03 3.7499e+03 4.9830e+03 3.7625e+03 4.9486e+03 4.2118e+03 4.5406e+03 0.0 0.0
  35.7500 4.1743e+03 3.6148e+03 4.7994e+03 3.6269e+03 4.7663e+03 4.0588e+03 4.3750e+03 0.0 0.0
  36.0000 4.0233e+03 3.4854e+03 4.6236e+03 3.4969e+03 4.5917e+03 3.9123e+03 4.2164e+03 0.0 0.0
  36.2500 3.8787e+03 3.3613e+03 4.4554e+03 3.3724e+03 4.4246e+03 3.7719e+03 4.0645e+03 0.0 0.0
  36.5000 3.7400e+03 3.2423e+03 4.2942e+03 3.2530e+03 4.2645e+03 3.6374e+03 3.9189e+03 0.0 0.0
  36.7500 3.6071e+03 3.1283e+03 4.1398e+03 3.1385e+03 4.1112e+03 3.5084e+03 3.7794e+03 0.0 0.0
  37.0000 3.4797e+03 3.0188e+03 3.9918e+03 3.0287e+03 3.9642e+03 3.3848e+03 3.6456e+03 0.0 0.0
  37.2500 3.3575e+03 2.9139e+03 3.8500e+03 2.9234e+03 3.8233e+03 3.2662e+03 3.5173e+03 0.0 0.0
  37.5000 3.2403e+03 2.8131e+03 3.7140e+03 2.8223e+03 3.6883e+03 3.1523e+03 3.3943e+03 0.0 0.0
  37.7500 3.1278e+03 2.7164e+03 3.5836e+03 2.7252e+03 3.5587e+03 3.0431e+03 3.2762e+03 0.0 0.0
  38.0000 3.0198e+03 2.6236e+03 3.4585e+03 2.6320e+03 3.4345e+03 2.9383e+03 3.1629e+03 0.0 0.0
  38.2500 2.9162e+03 2.5344e+03 3.3384e+03 2.5426e+03 3.3152e+03 2.8377e+03 3.0542e+03 0.0 0.0
  38.5000 2.8167e+03 2.4487e+03 3.2231e+03 2.4566e+03 3.2007e+03 2.7410e+03 2.9498e+03 0.0 0.0
  38.7500 2.7211e+03 2.3665e+03 3.1125e+03 2.3740e+03 3.0909e+03 2.6482e+03 2.8495e+03 0.0 0.0
  39.0000 2.6292e+03 2.2874e+03 3.0063e+03 2.2947e+03 2.9854e+03 2.5590e+03 2.7531e+03 0.0 0.0
  39.2500 2.5410e+03 2.2113e+03 2.9043e+03 2.2184e+03 2.8840e+03 2.4733e+03 2.6606e+03 0.0 0.0
  39.5000 2.4562e+03 2.1382e+03 2.8063e+03 2.1450e+03 2.7867e+03 2.3909e+03 2.5717e+03 0.0 0.0
  39.7500 2.3747e+03 2.0679e+03 2.7121e+03 2.0745e+03 2.6932e+03 2.3117e+03 2.4862e+03 0.0 0.0
  40.0000 2.2963e+03 2.0003e+03 2.6216e+03 2.0066e+03 2.6033e+03 2.2355e+03 2.4039e+03 0.0 0.0
  40.2500 2.2209e+03 1.9352e+03 2.5346e+03 1.9413e+03 2.5169e+03 2.1622e+03 2.3249e+03 0.0 0.0
  40.5000 2.1484e+03 1.8726e+03 2.4510e+03 1.8785e+03 2.4338e+03 2.0918e+03 2.2489e+03 0.0 0.0
  40.7500 2.0786e+03 1.8123e+03 2.3706e+03 1.8180e+03 2.3539e+03 2.0240e+03 2.1757e+03 0.0 0.0
  41.0000 2.0115e+03 1.7543e+03 2.2932e+03 1.7598e+03 2.2771e+03 1.9587e+03 2.1053e+03 0.0 0.0
  41.2500 1.9468e+03 1.6984e+03 2.2187e+03 1.7037e+03 2.2032e+03 1.8958e+03 2.0376e+03 0.0 0.0
  41.5000 1.8846e+03 1.6446e+03 2.1471e+03 1.6497e+03 2.1320e+03 1.8353e+03 1.9723e+03 0.0 0.0
  41.7500 1.8247e+03 1.5928e+03 2.0781e+03 1.5977e+03 2.0635e+03 1.7771e+03 1.9095e+03 0.0 0.0
  42.0000 1.7670e+03 1.5428e+03 2.0117e+03 1.5476e+03 1.9976e+03 1.7210e+03 1.8490e+03 0.0 0.0
  42.2500 1.7113e+03 1.4947e+03 1.9478e+03 1.4993e+03 1.9341e+03 1.6669e+03 1.7908e+03 0.0 0.0
  42.5000 1.6578e+03 1.4483e+03 1.8862e+03 1.4527e+03 1.8729e+03 1.6148e+03 1.7346e+03 0.0 0.0
  42.7500 1.6061e+03 1.4035e+03 1.8269e+03 1.4079e+03 1.8140e+03 1.5646e+03 1.6805e+03 0.0 0.0
  43.0000 1.5563e+03 1.3604e+03 1.7697e+03 1.3646e+03 1.7572e+03 1.5161e+03 1.6283e+03 0.0 0.0
  43.2500 1.5083e+03 1.3188e+03 1.7146e+03 1.3228e+03 1.7025e+03 1.4695e+03 1.5780e+03 0.0 0.0
  43.5000 1.4621e+03 1.2787e+03 1.6615e+03 1.2826e+03 1.6497e+03 1.4244e+03 1.5296e+03 0.0 0.0
  43.7500 1.4174e+03 1.2399e+03 1.6103e+03 1.2437e+03 1.5989e+03 1.3810e+03 1.4828e+03 0.0 0.0
  44.0000 1.3744e+03 1.2026e+03 1.5609e+03 1.2062e+03 1.5498e+03 1.3391e+03 1.4377e+03 0.0 0.0
  44.2500 1.3328e+03 1.1665e+03 1.5133e+03 1.1701e+03 1.5025e+03 1.2987e+03 1.3942e+03 0.0 0.0
  44.5000 1.2927e+03 1.1317e+03 1.4673e+03 1.1351e+03 1.4569e+03 1.2597e+03 1.3522e+03 0.0 0.0
  44.7500 1.2540e+03 1.0981e+03 1.4230e+03 1.1014e+03 1.4129e+03 1.2220e+03 1.3117e+03 0.0 0.0
  45.0000 1.2167e+03 1.0656e+03 1.3802e+03 1.0688e+03 1.3704e+03 1.1857e+03 1.2725e+03 0.0 0.0
  45.2500 1.1806e+03 1.0343e+03 1.3389e+03 1.0374e+03 1.3294e+03 1.1505e+03 1.2347e+03 0.0 0.0
  45.5000 1.1457e+03 1.0040e+03 1.2990e+03 1.0070e+03 1.2898e+03 1.1166e+03 1.1982e+03 0.0 0.0
  45.7500 1.1121e+03 9.7475e+02 1.2605e+03 9.7767e+02 1.2515e+03 1.0839e+03 1.1630e+03 0.0 0.0
  46.0000 1.0796e+03 9.4647e+02 1.2234e+03 9.4931e+02 1.2146e+03 1.0522e+03 1.1290e+03 0.0 0.0
  46.2500 1.0481e+03 9.1915e+02 1.1874e+03 9.2190e+02 1.1789e+03 1.0216e+03 1.0961e+03 0.0 0.0
  46.5000 1.0178e+03 8.9273e+02 1.1527e+03 8.9540e+02 1.1445e+03 9.9209e+02 1.0643e+03 0.0 0.0
  46.7500 9.8843e+02 8.6720e+02 1.1192e+03 8.6978e+02 1.1112e+03 9.6352e+02 1.0336e+03 0.0 0.0
  47.0000 9.6006e+02 8.4250e+02 1.0868e+03 8.4501e+02 1.0790e+03 9.3590e+02 1.0039e+03 0.0 0.0
  47.2500 9.3263e+02 8.1862e+02 1.0555e+03 8.2106e+02 1.0479e+03 9.0919e+02 9.7516e+02 0.0 0.0
  47.5000 9.0611e+02 7.9552e+02 1.0252e+03 7.9789e+02 1.0178e+03 8.8337e+02 9.4740e+02 0.0 0.0
  47.7500 8.8046e+02 7.7317e+02 9.9592e+02 7.7547e+02 9.8874e+02 8.5839e+02 9.2055e+02 0.0 0.0
  48.0000 8.5565e+02 7.5155e+02 9.6762e+02 7.5378e+02 9.6063e+02 8.3423e+02 8.9458e+02 0.0 0.0
  48.2500 8.3164e+02 7.3063e+02 9.4024e+02 7.3279e+02 9.3344e+02 8.1085e+02 8.6946e+02 0.0 0.0
  48.5000 8.0841e+02 7.1037e+02 9.1376e+02 7.1248e+02 9.0715e+02 7.8823e+02 8.4515e+02 0.0 0.0
  48.7500 7.8594e+02 6.9077e+02 8.8814e+02 6.9281e+02 8.8171e+02 7.6634e+02 8.2162e+02 0.0 0.0
  49.0000 7.6418e+02 6.7179e+02 8.6335e+02 6.7377e+02 8.5709e+02 7.4515e+02 7.9886e+02 0.0 0.0
  49.2500 7.4312e+02 6.5341e+02 8.3936e+02 6.5534e+02 8.3327e+02 7.2463e+02 7.7682e+02 0.0 0.0
  49.5000 7.2273e+02 6.3561e+02 8.1614e+02 6.3748e+02 8.1022e+02 7.0477e+02 7.5548e+02 0.0 0.0
  49.7500 7.0298e+02 6.1837e+02 7.9367e+02 6.2019e+02 7.8790e+02 6.8554e+02 7.3482e+02 0.0 0.0
  50.0000 6.8386e+02 6.0167e+02 7.7191e+02 6.0344e+02 7.6629e+02 6.6691e+02 7.1481e+02 0.0 0.0
  50.2500 6.6534e+02 5.8549e+02 7.5083e+02 5.8721e+02 7.4537e+02 6.4887e+02 6.9543e+02 0.0 0.0
  50.5000 6.4739e+02 5.6981e+02 7.3043e+02 5.7148e+02 7.2510e+02 6.3139e+02 6.7665e+02 0.0 0.0
  50.7500 6.3001e+02 5.5462e+02 7.1066e+02 5.5624e+02 7.0547e+02 6.1445e+02 6.5846e+02 0.0 0.0
  51.0000 6.1316e+02 5.3989e+02 6.9151e+02 5.4147e+02 6.8646e+02 5.9804e+02 6.4084e+02 0.0 0.0
  51.2500 5.9684e+02 5.2562e+02 6.7296e+02 5.2715e+02 6.6804e+02 5.8213e+02 6.2376e+02 0.0 0.0
  51.5000 5.8101e+02 5.1178e+02 6.5498e+02 5.1327e+02 6.5018e+02 5.6671e+02 6.0720e+02 0.0 0.0
  51.7500 5.6567e+02 4.9835e+02 6.3755e+02 4.9981e+02 6.3288e+02 5.5176e+02 5.9115e+02 0.0 0.0
  52.0000 5.5079e+02 4.8534e+02 6.2066e+02 4.8675e+02 6.1611e+02 5.3727e+02 5.7559e+02 0.0 0.0
  52.2500 5.3637e+02 4.7272e+02 6.0429e+02 4.7409e+02 5.9985e+02 5.2322e+02 5.6051e+02 0.0 0.0
  52.5000 5.2238e+02 4.6047e+02 5.8841e+02 4.6181e+02 5.8409e+02 5.0958e+02 5.4587e+02 0.0 0.0
  52.7500 5.0881e+02 4.4859e+02 5.7302e+02 4.4989e+02 5.6880e+02 4.9636e+02 5.3168e+02 0.0 0.0
  53.0000 4.9565e+02 4.3706e+02 5.5809e+02 4.3833e+02 5.5398e+02 4.8354e+02 5.1792e+02 0.0 0.0
  53.2500 4.8288e+02 4.2588e+02 5.4360e+02 4.2711e+02 5.3960e+02 4.7109e+02 5.0456e+02 0.0 0.0
  53.5000 4.7049e+02 4.1502e+02 5.2955e+02 4.1622e+02 5.2565e+02 4.5901e+02 4.9160e+02 0.0 0.0
  53.7500 4.5846e+02 4.0443e+02 5.1592e+02 4.0559e+02 5.1212e+02 4.4730e+02 4.7903e+02 0.0 0.0
  54.0000 4.4679e+02 3.9413e+02 5.0270e+02 3.9527e+02 4.9899e+02 4.3592e+02 4.6682e+02 0.0 0.0
  54.2500 4.3546e+02 3.8414e+02 4.8986e+02 3.8525e+02 4.8624e+02 4.2488e+02 4.5497e+02 0.0 0.0
  54.5000 4.2447e+02 3.7444e+02 4.7740e+02 3.7551e+02 4.7387e+02 4.1416e+02 4.4347e+02 0.0 0.0
  54.7500 4.1379e+02 3.6502e+02 4.6530e+02 3.6607e+02 4.6186e+02 4.0375e+02 4.3231e+02 0.0 0.0
  55.0000 4.0342e+02 3.5588e+02 4.5356e+02 3.5689e+02 4.5020e+02 3.9364e+02 4.2146e+02 0.0 0.0
  55.2500 3.9335e+02 3.4699e+02 4.4216e+02 3.4798e+02 4.3888e+02 3.8383e+02 4.1093e+02 0.0 0.0
  55.5000 3.8356e+02 3.3837e+02 4.3109e+02 3.3933e+02 4.2789e+02 3.7429e+02 4.0071e+02 0.0 0.0
  55.7500 3.7406e+02 3.2998e+02 4.2034e+02 3.3092e+02 4.1721e+02 3.6503e+02 3.9077e+02 0.0 0.0
  56.0000 3.6483e+02 3.2184e+02 4.0991e+02 3.2275e+02 4.0686e+02 3.5603e+02 3.8112e+02 0.0 0.0
  56.2500 3.5586e+02 3.1393e+02 3.9979e+02 3.1482e+02 3.9682e+02 3.4728e+02 3.7174e+02 0.0 0.0
  56.5000 3.4714e+02 3.0624e+02 3.8996e+02 3.0711e+02 3.8706e+02 3.3879e+02 3.6263e+02 0.0 0.0
  56.7500 3.3867e+02 2.9877e+02 3.8040e+02 2.9961e+02 3.7757e+02 3.3053e+02 3.5378e+02 0.0 0.0
  57.0000 3.3044e+02 2.9151e+02 3.7112e+02 2.9232e+02 3.6835e+02 3.2250e+02 3.4517e+02 0.0 0.0
  57.2500 3.2243e+02 2.8445e+02 3.6209e+02 2.8524e+02 3.5939e+02 3.1470e+02 3.3681e+02 0.0 0.0
  57.5000 3.1465e+02 2.7758e+02 3.5332e+02 2.7836e+02 3.5069e+02 3.0711e+02 3.2867e+02 0.0 0.0
  57.7500 3.0708e+02 2.7091e+02 3.4479e+02 2.7167e+02 3.4222e+02 2.9974e+02 3.2077e+02 0.0 0.0
  58.0000 2.9973e+02 2.6442e+02 3.3650e+02 2.6516e+02 3.3399e+02 2.9256e+02 3.1308e+02 0.0 0.0
  58.2500 2.9258e+02 2.5811e+02 3.2844e+02 2.5883e+02 3.2599e+02 2.8559e+02 3.0561e+02 0.0 0.0
  58.5000 2.8562e+02 2.5198e+02 3.2060e+02 2.5268e+02 3.1821e+02 2.7881e+02 2.9833e+02 0.0 0.0
  58.7500 2.7885e+02 2.4601e+02 3.1298e+02 2.4669e+02 3.1064e+02 2.7221e+02 2.9126e+02 0.0 0.0
  59.0000 2.7227e+02 2.4020e+02 3.0556e+02 2.4086e+02 3.0328e+02 2.6579e+02 2.8439e+02 0.0 0.0
  59.2500 2.6587e+02 2.3455e+02 2.9835e+02 2.3520e+02 2.9612e+02 2.5955e+02 2.7770e+02 0.0 0.0
  59.5000 2.5964e+02 2.2906e+02 2.9133e+02 2.2969e+02 2.8915e+02 2.5347e+02 2.7119e+02 0.0 0.0
  59.7500 2.5357e+02 2.2371e+02 2.8451e+02 2.2432e+02 2.8238e+02 2.4756e+02 2.6485e+02 0.0 0.0
  60.0000 2.4768e+02 2.1851e+02 2.7786e+02 2.1910e+02 2.7578e+02 2.4181e+02 2.5869e+02 0.0 0.0
  60.2500 2.4193e+02 2.1344e+02 2.7140e+02 2.1402e+02 2.6937e+02 2.3621e+02 2.5269e+02 0.0 0.0
  60.5000 2.3634e+02 2.0851e+02 2.6511e+02 2.0908e+02 2.6312e+02 2.3076e+02 2.4685e+02 0.0 0.0
  60.7500 2.3090e+02 2.0371e+02 2.5898e+02 2.0426e+02 2.5704e+02 2.2545e+02 2.4117e+02 0.0 0.0
  61.0000 2.2561e+02 1.9904e+02 2.5302e+02 1.9958e+02 2.5112e+02 2.2029e+02 2.3563e+02 0.0 0.0
  61.2500 2.2045e+02 1.9449e+02 2.4722e+02 1.9501e+02 2.4536e+02 2.1526e+02 2.3025e+02 0.0 0.0
  61.5000 2.1543e+02 1.9006e+02 2.4157e+02 1.9057e+02 2.3975e+02 2.1036e+02 2.2500e+02 0.0 0.0
  61.7500 2.1054e+02 1.8574e+02 2.3607e+02 1.8624e+02 2.3429e+02 2.0559e+02 2.1989e+02 0.0 0.0
  62.0000 2.0578e+02 1.8154e+02 2.3071e+02 1.8203e+02 2.2897e+02 2.0095e+02 2.1492e+02 0.0 0.0
  62.2500 2.0114e+02 1.7745e+02 2.2549e+02 1.7793e+02 2.2379e+02 1.9642e+02 2.1007e+02 0.0 0.0
  62.5000 1.9662e+02 1.7346e+02 2.2041e+02 1.7393e+02 2.1875e+02 1.9201e+02 2.0535e+02 0.0 0.0
  62.7500 1.9222e+02 1.6958e+02 2.1546e+02 1.7003e+02 2.1384e+02 1.8772e+02 2.0075e+02 0.0 0.0
  63.0000 1.8793e+02 1.6580e+02 2.1064e+02 1.6624e+02 2.0905e+02 1.8354e+02 1.9627e+02 0.0 0.0
  63.2500 1.8375e+02 1.6211e+02 2.0594e+02 1.6254e+02 2.0438e+02 1.7946e+02 1.9191e+02 0.0 0.0
  63.5000 1.7968e+02 1.5852e+02 2.0136e+02 1.5894e+02 1.9984e+02 1.7549e+02 1.8766e+02 0.0 0.0
  63.7500 1.7571e+02 1.5502e+02 1.9690e+02 1.5542e+02 1.9541e+02 1.7162e+02 1.8351e+02 0.0 0.0
  64.0000 1.7184e+02 1.5160e+02 1.9255e+02 1.5200e+02 1.9109e+02 1.6784e+02 1.7947e+02 0.0 0.0
  64.2500 1.6807e+02 1.4828e+02 1.8831e+02 1.4866e+02 1.8689e+02 1.6416e+02 1.7553e+02 0.0 0.0
  64.5000 1.6439e+02 1.4503e+02 1.8418e+02 1.4541e+02 1.8279e+02 1.6058e+02 1.7169e+02 0.0 0.0
  64.7500 1.6081e+02 1.4187e+02 1.8016e+02 1.4224e+02 1.7879e+02 1.5708e+02 1.6795e+02 0.0 0.0
  65.0000 1.5731e+02 1.3879e+02 1.7623e+02 1.3915e+02 1.7489e+02 1.5367e+02 1.6430e+02 0.0 0.0
  65.2500 1.5391e+02 1.3578e+02 1.7240e+02 1.3614e+02 1.7109e+02 1.5035e+02 1.6074e+02 0.0 0.0
  65.5000 1.5059e+02 1.3285e+02 1.6867e+02 1.3320e+02 1.6739e+02 1.4711e+02 1.5727e+02 0.0 0.0
  65.7500 1.4735e+02 1.2999e+02 1.6503e+02 1.3033e+02 1.6378e+02 1.4395e+02 1.5389e+02 0.0 0.0
  66.0000 1.4419e+02 1.2721e+02 1.6148e+02 1.2753e+02 1.6025e+02 1.4087e+02 1.5059e+02 0.0 0.0
  66.2500 1.4110e+02 1.2449e+02 1.5802e+02 1.2481e+02 1.5682e+02 1.3786e+02 1.4737e+02 0.0 0.0
  66.5000 1.3810e+02 1.2183e+02 1.5465e+02 1.2215e+02 1.5347e+02 1.3492e+02 1.4423e+02 0.0 0.0
  66.7500 1.3517e+02 1.1925e+02 1.5135e+02 1.1955e+02 1.5020e+02 1.3206e+02 1.4117e+02 0.0 0.0
  67.0000 1.3230e+02 1.1672e+02 1.4814e+02 1.1702e+02 1.4701e+02 1.2927e+02 1.3818e+02 0.0 0.0
  67.2500 1.2951e+02 1.1426e+02 1.4500e+02 1.1455e+02 1.4390e+02 1.2654e+02 1.3526e+02 0.0 0.0
  67.5000 1.2679e+02 1.1185e+02 1.4194e+02 1.1214e+02 1.4086e+02 1.2388e+02 1.3242e+02 0.0 0.0
  67.7500 1.2413e+02 1.0951e+02 1.3896e+02 1.0979e+02 1.3790e+02 1.2129e+02 1.2964e+02 0.0 0.0
  68.0000 1.2153e+02 1.0722e+02 1.3605e+02 1.0749e+02 1.3500e+02 1.1875e+02 1.2693e+02 0.0 0.0
  68.2500 1.1900e+02 1.0498e+02 1.3320e+02 1.0525e+02 1.3218e+02 1.1628e+02 1.2428e+02 0.0 0.0
  68.5000 1.1653e+02 1.0280e+02 1.3043e+02 1.0306e+02 1.2943e+02 1.1387e+02 1.2170e+02 0.0 0.0
  68.7500 1.1411e+02 1.0067e+02 1.2772e+02 1.0092e+02 1.2674e+02 1.1151e+02 1.1918e+02 0.0 0.0
  69.0000 1.1176e+02 9.8592e+01 1.2507e+02 9.8840e+01 1.2411e+02 1.0921e+02 1.1672e+02 0.0 0.0
  69.2500 1.0946e+02 9.6562e+01 1.2249e+02 9.6805e+01 1.2155e+02 1.0697e+02 1.1432e+02 0.0 0.0
  69.5000 1.0721e+02 9.4579e+01 1.1997e+02 9.4817e+01 1.1905e+02 1.0477e+02 1.1197e+02 0.0 0.0
  69.7500 1.0502e+02 9.2644e+01 1.1751e+02 9.2876e+01 1.1661e+02 1.0263e+02 1.0968e+02 0.0 0.0
  70.0000 1.0287e+02 9.0754e+01 1.1511e+02 9.0981e+01 1.1422e+02 1.0054e+02 1.0744e+02 0.0 0.0
  70.2500 1.0078e+02 8.8908e+01 1.1276e+02 8.9130e+01 1.1189e+02 9.8495e+01 1.0526e+02 0.0 0.0
  70.5000 9.8738e+01 8.7105e+01 1.1047e+02 8.7322e+01 1.0962e+02 9.6500e+01 1.0312e+02 0.0 0.0
  70.7500 9.6743e+01 8.5344e+01 1.0823e+02 8.5557e+01 1.0739e+02 9.4551e+01 1.0104e+02 0.0 0.0
  71.0000 9.4793e+01 8.3624e+01 1.0604e+02 8.3832e+01 1.0522e+02 9.2647e+01 9.9002e+01 0.0 0.0
  71.2500 9.2889e+01 8.1944e+01 1.0391e+02 8.2147e+01 1.0311e+02 9.0787e+01 9.7013e+01 0.0 0.0
  71.5000 9.1029e+01 8.0302e+01 1.0182e+02 8.0501e+01 1.0103e+02 8.8970e+01 9.5070e+01 0.0 0.0
  71.7500 8.9211e+01 7.8698e+01 9.9782e+01 7.8893e+01 9.9012e+01 8.7194e+01 9.3171e+01 0.0 0.0
  72.0000 8.7435e+01 7.7131e+01 9.7790e+01 7.7322e+01 9.7035e+01 8.5459e+01 9.1316e+01 0.0 0.0
  72.2500 8.5700e+01 7.5599e+01 9.5844e+01 7.5787e+01 9.5104e+01 8.3764e+01 8.9503e+01 0.0 0.0
  72.5000 8.4004e+01 7.4103e+01 9.3943e+01 7.4286e+01 9.3217e+01 8.2107e+01 8.7731e+01 0.0 0.0
  72.7500 8.2346e+01 7.2640e+01 9.2084e+01 7.2820e+01 9.1373e+01 8.0488e+01 8.5999e+01 0.0 0.0
  73.0000 8.0726e+01 7.1211e+01 9.0268e+01 7.1386e+01 8.9571e+01 7.8905e+01 8.4307e+01 0.0 0.0
  73.2500 7.9143e+01 6.9813e+01 8.8493e+01 6.9986e+01 8.7809e+01 7.7358e+01 8.2652e+01 0.0 0.0
  73.5000 7.7595e+01 6.8447e+01 8.6758e+01 6.8616e+01 8.6088e+01 7.5846e+01 8.1035e+01 0.0 0.0
  73.7500 7.6082e+01 6.7112e+01 8.5062e+01 6.7277e+01 8.4404e+01 7.4367e+01 7.9454e+01 0.0 0.0
  74.0000 7.4603e+01 6.5806e+01 8.3404e+01 6.5969e+01 8.2759e+01 7.2921e+01 7.7909e+01 0.0 0.0
  74.2500 7.3156e+01 6.4530e+01 8.1783e+01 6.4689e+01 8.1151e+01 7.1508e+01 7.6397e+01 0.0 0.0
  74.5000 7.1742e+01 6.3282e+01 8.0198e+01 6.3438e+01 7.9578e+01 7.0126e+01 7.4920e+01 0.0 0.0
  74.7500 7.0359e+01 6.2062e+01 7.8648e+01 6.2214e+01 7.8040e+01 6.8775e+01 7.3475e+01 0.0 0.0
  75.0000 6.9007e+01 6.0868e+01 7.7133e+01 6.1018e+01 7.6536e+01 6.7453e+01 7.2062e+01 0.0 0.0
  75.2500 6.7684e+01 5.9701e+01 7.5650e+01 5.9848e+01 7.5066e+01 6.6160e+01 7.0680e+01 0.0 0.0
  75.5000 6.6391e+01 5.8559e+01 7.4201e+01 5.8703e+01 7.3628e+01 6.4896e+01 6.9328e+01 0.0 0.0
  75.7500 6.5125e+01 5.7443e+01 7.2784e+01 5.7584e+01 7.2221e+01 6.3660e+01 6.8006e+01 0.0 0.0
  76.0000 6.3888e+01 5.6351e+01 7.1397e+01 5.6489e+01 7.0845e+01 6.2450e+01 6.6713e+01 0.0 0.0
  76.2500 6.2677e+01 5.5282e+01 7.0041e+01 5.5418e+01 6.9499e+01 6.1266e+01 6.5448e+01 0.0 0.0
  76.5000 6.1493e+01 5.4237e+01 6.8714e+01 5.4370e+01 6.8183e+01 6.0109e+01 6.4210e+01 0.0 0.0
  76.7500 6.0334e+01 5.3214e+01 6.7416e+01 5.3345e+01 6.6895e+01 5.8976e+01 6.2999e+01 0.0 0.0
  77.0000 5.9200e+01 5.2214e+01 6.6146e+01 5.2342e+01 6.5635e+01 5.7867e+01 6.1815e+01 0.0 0.0
  77.2500 5.8091e+01 5.1234e+01 6.4903e+01 5.1360e+01 6.4402e+01 5.6783e+01 6.0655e+01 0.0 0.0
  77.5000 5.7005e+01 5.0276e+01 6.3687e+01 5.0400e+01 6.3196e+01 5.5722e+01 5.9521e+01 0.0 0.0
  77.7500 5.5943e+01 4.9339e+01 6.2497e+01 4.9460e+01 6.2015e+01 5.4683e+01 5.8411e+01 0.0 0.0
  78.0000 5.4903e+01 4.8421e+01 6.1333e+01 4.8540e+01 6.0860e+01 5.3667e+01 5.7324e+01 0.0 0.0
  78.2500 5.3885e+01 4.7523e+01 6.0193e+01 4.7640e+01 5.9729e+01 5.2672e+01 5.6261e+01 0.0 0.0
  78.5000 5.2889e+01 4.6644e+01 5.9078e+01 4.6758e+01 5.8622e+01 5.1698e+01 5.5220e+01 0.0 0.0
  78.7500 5.1914e+01 4.5783e+01 5.7986e+01 4.5896e+01 5.7539e+01 5.0745e+01 5.4201e+01 0.0 0.0
  79.0000 5.0959e+01 4.4941e+01 5.6917e+01 4.5051e+01 5.6478e+01 4.9811e+01 5.3203e+01 0.0 0.0
  79.2500 5.0025e+01 4.4116e+01 5.5871e+01 4.4225e+01 5.5441e+01 4.8898e+01 5.2227e+01 0.0 0.0
  79.5000 4.9110e+01 4.3309e+01 5.4847e+01 4.3415e+01 5.4424e+01 4.8003e+01 5.1271e+01 0.0 0.0
  79.7500 4.8214e+01 4.2518e+01 5.3844e+01 4.2623e+01 5.3429e+01 4.7127e+01 5.0335e+01 0.0 0.0
  80.0000 4.7337e+01 4.1744e+01 5.2862e+01 4.1847e+01 5.2455e+01 4.6270e+01 4.9419e+01 0.0 0.0
  80.2500 4.6478e+01 4.0986e+01 5.1901e+01 4.1087e+01 5.1501e+01 4.5430e+01 4.8521e+01 0.0 0.0
  80.5000 4.5637e+01 4.0244e+01 5.0959e+01 4.0343e+01 5.0567e+01 4.4608e+01 4.7642e+01 0.0 0.0
  80.7500 4.4813e+01 3.9517e+01 5.0037e+01 3.9614e+01 4.9652e+01 4.3802e+01 4.6782e+01 0.0 0.0
  81.0000 4.4006e+01 3.8805e+01 4.9135e+01 3.8901e+01 4.8757e+01 4.3014e+01 4.5939e+01 0.0 0.0
  81.2500 4.3216e+01 3.8108e+01 4.8250e+01 3.8202e+01 4.7879e+01 4.2241e+01 4.5113e+01 0.0 0.0
  81.5000 4.2442e+01 3.7425e+01 4.7384e+01 3.7517e+01 4.7020e+01 4.1484e+01 4.4305e+01 0.0 0.0
  81.7500 4.1684e+01 3.6756e+01 4.6536e+01 3.6846e+01 4.6178e+01 4.0743e+01 4.3513e+01 0.0 0.0
  82.0000 4.0941e+01 3.6100e+01 4.5704e+01 3.6189e+01 4.5353e+01 4.0017e+01 4.2737e+01 0.0 0.0
  82.2500 4.0214e+01 3.5458e+01 4.4890e+01 3.5546e+01 4.4545e+01 3.9305e+01 4.1977e+01 0.0 0.0
  82.5000 3.9501e+01 3.4829e+01 4.4093e+01 3.4915e+01 4.3754e+01 3.8608e+01 4.1232e+01 0.0 0.0
  82.7500 3.8802e+01 3.4213e+01 4.3311e+01 3.4297e+01 4.2978e+01 3.7925e+01 4.0502e+01 0.0 0.0
  83.0000 3.8117e+01 3.3609e+01 4.2545e+01 3.3692e+01 4.2219e+01 3.7256e+01 3.9787e+01 0.0 0.0
  83.2500 3.7447e+01 3.3017e+01 4.1795e+01 3.3099e+01 4.1474e+01 3.6600e+01 3.9087e+01 0.0 0.0
  83.5000 3.6790e+01 3.2437e+01 4.1060e+01 3.2517e+01 4.0745e+01 3.5958e+01 3.8400e+01 0.0 0.0
  83.7500 3.6145e+01 3.1869e+01 4.0339e+01 3.1947e+01 4.0030e+01 3.5328e+01 3.7727e+01 0.0 0.0
  84.0000 3.5514e+01 3.1311e+01 3.9633e+01 3.1389e+01 3.9329e+01 3.4711e+01 3.7068e+01 0.0 0.0
  84.2500 3.4895e+01 3.0766e+01 3.8941e+01 3.0842e+01 3.8642e+01 3.4106e+01 3.6422e+01 0.0 0.0
  84.5000 3.4289e+01 3.0230e+01 3.8263e+01 3.0305e+01 3.7969e+01 3.3513e+01 3.5788e+01 0.0 0.0
  84.7500 3.3694e+01 2.9706e+01 3.7598e+01 2.9779e+01 3.7309e+01 3.2932e+01 3.5167e+01 0.0 0.0
  85.0000 3.3112e+01 2.9192e+01 3.6946e+01 2.9264e+01 3.6663e+01 3.2362e+01 3.4559e+01 0.0 0.0
  85.2500 3.2540e+01 2.8688e+01 3.6307e+01 2.8759e+01 3.6029e+01 3.1803e+01 3.3962e+01 0.0 0.0
  85.5000 3.1980e+01 2.8194e+01 3.5681e+01 2.8264e+01 3.5407e+01 3.1256e+01 3.3377e+01 0.0 0.0
  85.7500 3.1431e+01 2.7709e+01 3.5067e+01 2.7778e+01 3.4798e+01 3.0719e+01 3.2804e+01 0.0 0.0
  86.0000 3.0893e+01 2.7234e+01 3.4466e+01 2.7302e+01 3.4201e+01 3.0193e+01 3.2242e+01 0.0 0.0
  86.2500 3.0365e+01 2.6769e+01 3.3875e+01 2.6835e+01 3.3615e+01 2.9677e+01 3.1691e+01 0.0 0.0
  86.5000 2.9848e+01 2.6312e+01 3.3297e+01 2.6377e+01 3.3041e+01 2.9171e+01 3.1151e+01 0.0 0.0
  86.7500 2.9340e+01 2.5864e+01 3.2730e+01 2.5928e+01 3.2478e+01 2.8675e+01 3.0621e+01 0.0 0.0
  87.0000 2.8842e+01 2.5425e+01 3.2173e+01 2.5488e+01 3.1926e+01 2.8189e+01 3.0101e+01 0.0 0.0
  87.2500 2.8354e+01 2.4995e+01 3.1628e+01 2.5056e+01 3.1385e+01 2.7712e+01 2.9591e+01 0.0 0.0
  87.5000 2.7875e+01 2.4572e+01 3.1093e+01 2.4633e+01 3.0854e+01 2.7244e+01 2.9092e+01 0.0 0.0
  87.7500 2.7406e+01 2.4158e+01 3.0568e+01 2.4218e+01 3.0333e+01 2.6785e+01 2.8602e+01 0.0 0.0
  88.0000 2.6945e+01 2.3752e+01 3.0053e+01 2.3811e+01 2.9823e+01 2.6335e+01 2.8121e+01 0.0 0.0
  88.2500 2.6494e+01 2.3353e+01 2.9549e+01 2.3411e+01 2.9322e+01 2.5894e+01 2.7649e+01 0.0 0.0
  88.5000 2.6051e+01 2.2963e+01 2.9054e+01 2.3019e+01 2.8830e+01 2.5461e+01 2.7187e+01 0.0 0.0
  88.7500 2.5616e+01 2.2579e+01 2.8568e+01 2.2635e+01 2.8349e+01 2.5036e+01 2.6733e+01 0.0 0.0
  89.0000 2.5190e+01 2.2203e+01 2.8092e+01 2.2258e+01 2.7876e+01 2.4619e+01 2.6288e+01 0.0 0.0
  89.2500 2.4771e+01 2.1834e+01 2.7624e+01 2.1888e+01 2.7412e+01 2.4211e+01 2.5852e+01 0.0 0.0
  89.5000 2.4361e+01 2.1472e+01 2.7166e+01 2.1525e+01 2.6957e+01 2.3809e+01 2.5423e+01 0.0 0.0
  89.7500 2.3958e+01 2.1117e+01 2.6716e+01 2.1169e+01 2.6511e+01 2.3416e+01 2.5003e+01 0.0 0.0
  90.0000 2.3563e+01 2.0768e+01 2.6275e+01 2.0820e+01 2.6073e+01 2.3030e+01 2.4590e+01 0.0 0.0
  90.2500 2.3175e+01 2.0426e+01 2.5842e+01 2.0477e+01 2.5643e+01 2.2651e+01 2.4186e+01 0.0 0.0
  90.5000 2.2795e+01 2.0091e+01 2.5417e+01 2.0140e+01 2.5221e+01 2.2279e+01 2.3789e+01 0.0 0.0
  90.7500 2.2422e+01 1.9761e+01 2.5000e+01 1.9810e+01 2.4807e+01 2.1915e+01 2.3399e+01 0.0 0.0
  91.0000 2.2055e+01 1.9438e+01 2.4591e+01 1.9486e+01 2.4401e+01 2.1557e+01 2.3017e+01 0.0 0.0
  91.2500 2.1696e+01 1.9121e+01 2.4189e+01 1.9168e+01 2.4003e+01 2.1205e+01 2.2642e+01 0.0 0.0
  91.5000 2.1343e+01 1.8810e+01 2.3795e+01 1.8856e+01 2.3612e+01 2.0860e+01 2.2273e+01 0.0 0.0
  91.7500 2.0996e+01 1.8504e+01 2.3408e+01 1.8550e+01 2.3228e+01 2.0522e+01 2.1912e+01 0.0 0.0
  92.0000 2.0656e+01 1.8205e+01 2.3029e+01 1.8249e+01 2.2851e+01 2.0190e+01 2.1557e+01 0.0 0.0
  92.2500 2.0323e+01 1.7910e+01 2.2656e+01 1.7954e+01 2.2481e+01 1.9864e+01 2.1209e+01 0.0 0.0
  92.5000 1.9995e+01 1.7621e+01 2.2290e+01 1.7665e+01 2.2118e+01 1.9544e+01 2.0867e+01 0.0 0.0
  92.7500 1.9673e+01 1.7338e+01 2.1931e+01 1.7380e+01 2.1762e+01 1.9230e+01 2.0531e+01 0.0 0.0
  93.0000 1.9358e+01 1.7059e+01 2.1579e+01 1.7101e+01 2.1412e+01 1.8921e+01 2.0202e+01 0.0 0.0
  93.2500 1.9047e+01 1.6786e+01 2.1233e+01 1.6827e+01 2.1069e+01 1.8618e+01 1.9878e+01 0.0 0.0
  93.5000 1.8743e+01 1.6517e+01 2.0893e+01 1.6558e+01 2.0731e+01 1.8321e+01 1.9561e+01 0.0 0.0
  93.7500 1.8444e+01 1.6254e+01 2.0559e+01 1.6294e+01 2.0400e+01 1.8029e+01 1.9249e+01 0.0 0.0
  94.0000 1.8151e+01 1.5995e+01 2.0232e+01 1.6034e+01 2.0075e+01 1.7742e+01 1.8943e+01 0.0 0.0
  94.2500 1.7863e+01 1.5741e+01 1.9910e+01 1.5779e+01 1.9756e+01 1.7461e+01 1.8642e+01 0.0 0.0
  94.5000 1.7580e+01 1.5492e+01 1.9595e+01 1.5529e+01 1.9443e+01 1.7184e+01 1.8347e+01 0.0 0.0
  94.7500 1.7302e+01 1.5247e+01 1.9285e+01 1.5284e+01 1.9135e+01 1.6913e+01 1.8057e+01 0.0 0.0
  95.0000 1.7029e+01 1.5006e+01 1.8980e+01 1.5043e+01 1.8833e+01 1.6646e+01 1.7773e+01 0.0 0.0
  95.2500 1.6761e+01 1.4770e+01 1.8681e+01 1.4806e+01 1.8536e+01 1.6385e+01 1.7493e+01 0.0 0.0
  95.5000 1.6498e+01 1.4538e+01 1.8387e+01 1.4573e+01 1.8245e+01 1.6128e+01 1.7219e+01 0.0 0.0
  95.7500 1.6240e+01 1.4310e+01 1.8099e+01 1.4344e+01 1.7958e+01 1.5875e+01 1.6949e+01 0.0 0.0
  96.0000 1.5986e+01 1.4086e+01 1.7816e+01 1.4120e+01 1.7677e+01 1.5627e+01 1.6684e+01 0.0 0.0
  96.2500 1.5736e+01 1.3866e+01 1.7537e+01 1.3899e+01 1.7401e+01 1.5383e+01 1.6424e+01 0.0 0.0
  96.5000 1.5492e+01 1.3650e+01 1.7264e+01 1.3683e+01 1.7130e+01 1.5144e+01 1.6168e+01 0.0 0.0
  96.7500 1.5251e+01 1.3438e+01 1.6996e+01 1.3470e+01 1.6863e+01 1.4909e+01 1.5917e+01 0.0 0.0
  97.0000 1.5014e+01 1.3229e+01 1.6732e+01 1.3261e+01 1.6602e+01 1.4678e+01 1.5671e+01 0.0 0.0
  97.2500 1.4782e+01 1.3024e+01 1.6473e+01 1.3056e+01 1.6344e+01 1.4451e+01 1.5428e+01 0.0 0.0
  97.5000 1.4554e+01 1.2823e+01 1.6218e+01 1.2854e+01 1.6092e+01 1.4228e+01 1.5190e+01 0.0 0.0
  97.7500 1.4330e+01 1.2626e+01 1.5968e+01 1.2656e+01 1.5844e+01 1.4009e+01 1.4957e+01 0.0 0.0
  98.0000 1.4110e+01 1.2431e+01 1.5723e+01 1.2461e+01 1.5600e+01 1.3794e+01 1.4727e+01 0.0 0.0
  98.2500 1.3893e+01 1.2241e+01 1.5481e+01 1.2270e+01 1.5360e+01 1.3582e+01 1.4501e+01 0.0 0.0
  98.5000 1.3681e+01 1.2053e+01 1.5244e+01 1.2082e+01 1.5125e+01 1.3375e+01 1.4279e+01 0.0 0.0
  98.7500 1.3472e+01 1.1869e+01 1.5011e+01 1.1897e+01 1.4893e+01 1.3171e+01 1.4061e+01 0.0 0.0
  99.0000 1.3266e+01 1.1688e+01 1.4782e+01 1.1716e+01 1.4666e+01 1.2970e+01 1.3847e+01 0.0 0.0
  99.2500 1.3065e+01 1.1510e+01 1.4557e+01 1.1538e+01 1.4443e+01 1.2773e+01 1.3637e+01 0.0 0.0
  99.5000 1.2866e+01 1.1335e+01 1.4336e+01 1.1362e+01 1.4223e+01 1.2579e+01 1.3430e+01 0.0 0.0
  99.7500 1.2671e+01 1.1163e+01 1.4118e+01 1.1190e+01 1.4008e+01 1.2389e+01 1.3226e+01 0.0 0.0
 100.0000 1.2480e+01 1.0994e+01 1.3905e+01 1.1021e+01 1.3796e+01 1.2201e+01 1.3027e+01 0.0 0.0
 100.2500 1.2292e+01 1.0828e+01 1.3695e+01 1.0854e+01 1.3587e+01 1.2017e+01 1.2830e+01 0.0 0.0
 100.5000 1.2107e+01 1.0665e+01 1.3488e+01 1.0691e+01 1.3382e+01 1.1836e+01 1.2637e+01 0.0 0.0
 100.7500 1.1925e+01 1.0505e+01 1.3285e+01 1.0530e+01 1.3181e+01 1.1659e+01 1.2447e+01 0.0 0.0
 101.0000 1.1746e+01 1.0347e+01 1.3086e+01 1.0372e+01 1.2983e+01 1.1484e+01 1.2261e+01 0.0 0.0
 101.2500 1.1570e+01 1.0192e+01 1.2890e+01 1.0217e+01 1.2789e+01 1.1312e+01 1.2078e+01 0.0 0.0
 101.5000 1.1397e+01 1.0040e+01 1.2697e+01 1.0064e+01 1.2597e+01 1.1143e+01 1.1897e+01 0.0 0.0
 101.7500 1.1227e+01 9.8901e+00 1.2508e+01 9.9138e+00 1.2409e+01 1.0977e+01 1.1720e+01 0.0 0.0
 102.0000 1.1060e+01 9.7429e+00 1.2322e+01 9.7662e+00 1.2225e+01 1.0814e+01 1.1546e+01 0.0 0.0
 102.2500 1.0896e+01 9.5982e+00 1.2139e+01 9.6211e+00 1.2043e+01 1.0653e+01 1.1375e+01 0.0 0.0
 102.5000 1.0735e+01 9.4558e+00 1.1959e+01 9.4784e+00 1.1864e+01 1.0496e+01 1.1206e+01 0.0 0.0
 102.7500 1.0576e+01 9.3159e+00 1.1782e+01 9.3381e+00 1.1688e+01 1.0341e+01 1.1041e+01 0.0 0.0
 103.0000 1.0420e+01 9.1783e+00 1.1608e+01 9.2002e+00 1.1516e+01 1.0188e+01 1.0878e+01 0.0 0.0
 103.2500 1.0267e+01 9.0431e+00 1.1436e+01 9.0646e+00 1.1346e+01 1.0038e+01 1.0718e+01 0.0 0.0
 103.5000 1.0116e+01 8.9101e+00 1.1268e+01 8.9313e+00 1.1179e+01 9.8905e+00 1.0560e+01 0.0 0.0
 103.7500 9.9675e+00 8.7793e+00 1.1103e+01 8.8002e+00 1.1015e+01 9.7455e+00 1.0405e+01 0.0 0.0
 104.0000 9.8216e+00 8.6506e+00 1.0940e+01 8.6713e+00 1.0854e+01 9.6028e+00 1.0253e+01 0.0 0.0
 104.2500 9.6782e+00 8.5242e+00 1.0780e+01 8.5445e+00 1.0695e+01 9.4626e+00 1.0104e+01 0.0 0.0
 104.5000 9.5371e+00 8.3998e+00 1.0623e+01 8.4198e+00 1.0539e+01 9.3246e+00 9.9564e+00 0.0 0.0
 104.7500 9.3983e+00 8.2775e+00 1.0468e+01 8.2972e+00 1.0385e+01 9.1889e+00 9.8117e+00 0.0 0.0
 105.0000 9.2619e+00 8.1572e+00 1.0316e+01 8.1766e+00 1.0234e+01 9.0555e+00 9.6693e+00 0.0 0.0
 105.2500 9.1277e+00 8.0388e+00 1.0166e+01 8.0580e+00 1.0086e+01 8.9242e+00 9.5292e+00 0.0 0.0
 105.5000 8.9957e+00 7.9225e+00 1.0019e+01 7.9414e+00 9.9397e+00 8.7951e+00 9.3915e+00 0.0 0.0
 105.7500 8.8659e+00 7.8080e+00 9.8746e+00 7.8266e+00 9.7961e+00 8.6682e+00 9.2560e+00 0.0 0.0
 106.0000 8.7381e+00 7.6954e+00 9.7322e+00 7.7138e+00 9.6548e+00 8.5433e+00 9.1228e+00 0.0 0.0
 106.2500 8.6125e+00 7.5847e+00 9.5922e+00 7.6028e+00 9.5159e+00 8.4204e+00 8.9917e+00 0.0 0.0
 106.5000 8.4890e+00 7.4757e+00 9.4544e+00 7.4936e+00 9.3792e+00 8.2995e+00 8.8627e+00 0.0 0.0
 106.7500 8.3674e+00 7.3686e+00 9.3190e+00 7.3862e+00 9.2447e+00 8.1806e+00 8.7359e+00 0.0 0.0
 107.0000 8.2478e+00 7.2631e+00 9.1857e+00 7.2805e+00 9.1124e+00 8.0637e+00 8.6111e+00 0.0 0.0
 107.2500 8.1302e+00 7.1594e+00 9.0545e+00 7.1765e+00 8.9823e+00 7.9486e+00 8.4883e+00 0.0 0.0
 107.5000 8.0144e+00 7.0574e+00 8.9255e+00 7.0743e+00 8.8543e+00 7.8354e+00 8.3675e+00 0.0 0.0
 107.7500 7.9005e+00 6.9570e+00 8.7986e+00 6.9737e+00 8.7284e+00 7.7240e+00 8.2487e+00 0.0 0.0
 108.0000 7.7885e+00 6.8582e+00 8.6737e+00 6.8747e+00 8.6045e+00 7.6144e+00 8.1318e+00 0.0 0.0
 108.2500 7.6783e+00 6.7610e+00 8.5508e+00 6.7773e+00 8.4825e+00 7.5065e+00 8.0167e+00 0.0 0.0
 108.5000 7.5698e+00 6.6654e+00 8.4300e+00 6.6814e+00 8.3626e+00 7.4004e+00 7.9035e+00 0.0 0.0
 108.7500 7.4631e+00 6.5713e+00 8.3110e+00 6.5871e+00 8.2446e+00 7.2960e+00 7.7921e+00 0.0 0.0
 109.0000 7.3581e+00 6.4787e+00 8.1940e+00 6.4943e+00 8.1284e+00 7.1933e+00 7.6825e+00 0.0 0.0
 109.2500 7.2547e+00 6.3876e+00 8.0788e+00 6.4030e+00 8.0142e+00 7.0922e+00 7.5746e+00 0.0 0.0
 109.5000 7.1530e+00 6.2980e+00 7.9654e+00 6.3131e+00 7.9017e+00 6.9927e+00 7.4685e+00 0.0 0.0
 109.7500 7.0529e+00 6.2097e+00 7.8539e+00 6.2247e+00 7.7910e+00 6.8947e+00 7.3640e+00 0.0 0.0
 110.0000 6.9544e+00 6.1229e+00 7.7441e+00 6.1377e+00 7.6821e+00 6.7984e+00 7.2612e+00 0.0 0.0
 110.2500 6.8575e+00 6.0374e+00 7.6361e+00 6.0520e+00 7.5749e+00 6.7035e+00 7.1600e+00 0.0 0.0
 110.5000 6.7621e+00 5.9533e+00 7.5298e+00 5.9677e+00 7.4694e+00 6.6102e+00 7.0604e+00 0.0 0.0
 110.7500 6.6682e+00 5.8706e+00 7.4252e+00 5.8848e+00 7.3656e+00 6.5183e+00 6.9624e+00 0.0 0.0
 111.0000 6.5757e+00 5.7891e+00 7.3222e+00 5.8031e+00 7.2634e+00 6.4279e+00 6.8659e+00 0.0 0.0
 111.2500 6.4848e+00 5.7089e+00 7.2208e+00 5.7227e+00 7.1628e+00 6.3388e+00 6.7710e+00 0.0 0.0
 111.5000 6.3952e+00 5.6300e+00 7.1210e+00 5.6436e+00 7.0639e+00 6.2512e+00 6.6775e+00 0.0 0.0
 111.7500 6.3071e+00 5.5523e+00 7.0228e+00 5.5658e+00 6.9664e+00 6.1650e+00 6.5855e+00 0.0 0.0
 112.0000 6.2203e+00 5.4758e+00 6.9261e+00 5.4891e+00 6.8705e+00 6.0801e+00 6.4949e+00 0.0 0.0
 112.2500 6.1349e+00 5.4005e+00 6.8309e+00 5.4136e+00 6.7760e+00 5.9965e+00 6.4058e+00 0.0 0.0
 112.5000 6.0508e+00 5.3263e+00 6.7372e+00 5.3393e+00 6.6831e+00 5.9142e+00 6.3180e+00 0.0 0.0
 112.7500 5.9680e+00 5.2534e+00 6.6450e+00 5.2662e+00 6.5916e+00 5.8332e+00 6.2316e+00 0.0 0.0
 113.0000 5.8865e+00 5.1815e+00 6.5542e+00 5.1942e+00 6.5015e+00 5.7534e+00 6.1465e+00 0.0 0.0
 113.2500 5.8062e+00 5.1108e+00 6.4648e+00 5.1233e+00 6.4128e+00 5.6749e+00 6.0627e+00 0.0 0.0
 113.5000 5.7272e+00 5.0412e+00 6.3768e+00 5.0535e+00 6.3255e+00 5.5976e+00 5.9802e+00 0.0 0.0
 113.7500 5.6494e+00 4.9726e+00 6.2901e+00 4.9848e+00 6.2395e+00 5.5215e+00 5.8990e+00 0.0 0.0
 114.0000 5.5728e+00 4.9051e+00 6.2048e+00 4.9171e+00 6.1548e+00 5.4466e+00 5.8191e+00 0.0 0.0
 114.2500 5.4974e+00 4.8386e+00 6.1208e+00 4.8505e+00 6.0715e+00 5.3727e+00 5.7403e+00 0.0 0.0
 114.5000 5.4231e+00 4.7732e+00 6.0380e+00 4.7849e+00 5.9894e+00 5.3001e+00 5.6628e+00 0.0 0.0
 114.7500 5.3500e+00 4.7087e+00 5.9566e+00 4.7203e+00 5.9086e+00 5.2285e+00 5.5865e+00 0.0 0.0
 115.0000 5.2780e+00 4.6452e+00 5.8763e+00 4.6567e+00 5.8290e+00 5.1581e+00 5.5113e+00 0.0 0.0
 115.2500 5.2071e+00 4.5827e+00 5.7973e+00 4.5941e+00 5.7506e+00 5.0887e+00 5.4372e+00 0.0 0.0
 115.5000 5.1372e+00 4.5212e+00 5.7195e+00 4.5324e+00 5.6734e+00 5.0203e+00 5.3643e+00 0.0 0.0
 115.7500 5.0685e+00 4.4606e+00 5.6429e+00 4.4716e+00 5.5974e+00 4.9530e+00 5.2925e+00 0.0 0.0
 116.0000 5.0007e+00 4.4009e+00 5.5675e+00 4.4118e+00 5.5226e+00 4.8867e+00 5.2218e+00 0.0 0.0
 116.2500 4.9340e+00 4.3421e+00 5.4932e+00 4.3529e+00 5.4488e+00 4.8215e+00 5.1522e+00 0.0 0.0
 116.5000 4.8683e+00 4.2842e+00 5.4200e+00 4.2948e+00 5.3762e+00 4.7572e+00 5.0836e+00 0.0 0.0
 116.7500 4.8036e+00 4.2271e+00 5.3479e+00 4.2377e+00 5.3047e+00 4.6938e+00 5.0160e+00 0.0 0.0
 117.0000 4.7398e+00 4.1709e+00 5.2769e+00 4.1814e+00 5.2343e+00 4.6315e+00 4.9494e+00 0.0 0.0
 117.2500 4.6770e+00 4.1156e+00 5.2069e+00 4.1259e+00 5.1649e+00 4.5700e+00 4.8839e+00 0.0 0.0
 117.5000 4.6152e+00 4.0611e+00 5.1380e+00 4.0713e+00 5.0965e+00 4.5095e+00 4.8193e+00 0.0 0.0
 117.7500 4.5543e+00 4.0074e+00 5.0702e+00 4.0175e+00 5.0292e+00 4.4499e+00 4.7557e+00 0.0 0.0
 118.0000 4.4942e+00 3.9545e+00 5.0033e+00 3.9644e+00 4.9629e+00 4.3912e+00 4.6930e+00 0.0 0.0
 118.2500 4.4351e+00 3.9024e+00 4.9375e+00 3.9122e+00 4.8976e+00 4.3333e+00 4.6313e+00 0.0 0.0
 118.5000 4.3769e+00 3.8511e+00 4.8726e+00 3.8608e+00 4.8332e+00 4.2763e+00 4.5705e+00 0.0 0.0
 118.7500 4.3195e+00 3.8005e+00 4.8087e+00 3.8101e+00 4.7698e+00 4.2202e+00 4.5106e+00 0.0 0.0
 119.0000 4.2629e+00 3.7507e+00 4.7457e+00 3.7602e+00 4.7073e+00 4.1649e+00 4.4516e+00 0.0 0.0
 119.2500 4.2072e+00 3.7016e+00 4.6837e+00 3.7110e+00 4.6458e+00 4.1104e+00 4.3934e+00 0.0 0.0
 119.5000 4.1524e+00 3.6533e+00 4.6226e+00 3.6625e+00 4.5852e+00 4.0567e+00 4.3361e+00 0.0 0.0
 119.7500 4.0983e+00 3.6056e+00 4.5623e+00 3.6148e+00 4.5254e+00 4.0038e+00 4.2797e+00 0.0 0.0
 120.0000 4.0450e+00 3.5587e+00 4.5030e+00 3.5677e+00 4.4666e+00 3.9517e+00 4.2241e+00 0.0 0.0
 120.2500 3.9925e+00 3.5124e+00 4.4445e+00 3.5213e+00 4.4086e+00 3.9003e+00 4.1692e+00 0.0 0.0
 120.5000 3.9408e+00 3.4668e+00 4.3869e+00 3.4757e+00 4.3514e+00 3.8497e+00 4.1152e+00 0.0 0.0
 120.7500 3.8898e+00 3.4219e+00 4.3302e+00 3.4307e+00 4.2951e+00 3.7999e+00 4.0620e+00 0.0 0.0
 121.0000 3.8396e+00 3.3777e+00 4.2742e+00 3.3863e+00 4.2396e+00 3.7507e+00 4.0096e+00 0.0 0.0
 121.2500 3.7901e+00 3.3341e+00 4.2191e+00 3.3426e+00 4.1849e+00 3.7023e+00 3.9579e+00 0.0 0.0
 121.5000 3.7413e+00 3.2911e+00 4.1648e+00 3.2995e+00 4.1311e+00 3.6546e+00 3.9070e+00 0.0 0.0
 121.7500 3.6932e+00 3.2487e+00 4.1113e+00 3.2571e+00 4.0780e+00 3.6076e+00 3.8568e+00 0.0 0.0
 122.0000 3.6459e+00 3.2070e+00 4.0585e+00 3.2152e+00 4.0256e+00 3.5612e+00 3.8073e+00 0.0 0.0
 122.2500 3.5992e+00 3.1659e+00 4.0065e+00 3.1740e+00 3.9740e+00 3.5156e+00 3.7586e+00 0.0 0.0
 122.5000 3.5532e+00 3.1253e+00 3.9553e+00 3.1334e+00 3.9232e+00 3.4705e+00 3.7106e+00 0.0 0.0
 122.7500 3.5078e+00 3.0854e+00 3.9048e+00 3.0933e+00 3.8731e+00 3.4262e+00 3.6632e+00 0.0 0.0
 123.0000 3.4631e+00 3.0460e+00 3.8550e+00 3.0539e+00 3.8237e+00 3.3825e+00 3.6165e+00 0.0 0.0
 123.2500 3.4190e+00 3.0072e+00 3.8059e+00 3.0150e+00 3.7750e+00 3.3394e+00 3.5705e+00 0.0 0.0
 123.5000 3.3756e+00 2.9689e+00 3.7576e+00 2.9766e+00 3.7271e+00 3.2969e+00 3.5252e+00 0.0 0.0
 123.7500 3.3328e+00 2.9312e+00 3.7099e+00 2.9388e+00 3.6798e+00 3.2550e+00 3.4805e+00 0.0 0.0
 124.0000 3.2906e+00 2.8940e+00 3.6629e+00 2.9015e+00 3.6332e+00 3.2138e+00 3.4364e+00 0.0 0.0
 124.2500 3.2490e+00 2.8574e+00 3.6166e+00 2.8648e+00 3.5872e+00 3.1731e+00 3.3930e+00 0.0 0.0
 124.5000 3.2080e+00 2.8213e+00 3.5709e+00 2.8286e+00 3.5419e+00 3.1330e+00 3.3502e+00 0.0 0.0
 124.7500 3.1675e+00 2.7857e+00 3.5259e+00 2.7929e+00 3.4973e+00 3.0935e+00 3.3080e+00 0.0 0.0
 125.0000 3.1277e+00 2.7506e+00 3.4815e+00 2.7577e+00 3.4532e+00 3.0545e+00 3.2664e+00 0.0 0.0
 125.2500 3.0884e+00 2.7160e+00 3.4378e+00 2.7231e+00 3.4098e+00 3.0161e+00 3.2254e+00 0.0 0.0
 125.5000 3.0497e+00 2.6819e+00 3.3947e+00 2.6889e+00 3.3670e+00 2.9782e+00 3.1850e+00 0.0 0.0
 125.7500 3.0115e+00 2.6482e+00 3.3522e+00 2.6551e+00 3.3249e+00 2.9409e+00 3.1451e+00 0.0 0.0
 126.0000 2.9739e+00 2.6151e+00 3.3102e+00 2.6219e+00 3.2833e+00 2.9041e+00 3.1058e+00 0.0 0.0
 126.2500 2.9367e+00 2.5824e+00 3.2689e+00 2.5892e+00 3.2423e+00 2.8678e+00 3.0671e+00 0.0 0.0
 126.5000 2.9001e+00 2.5502e+00 3.2282e+00 2.5568e+00 3.2019e+00 2.8321e+00 3.0288e+00 0.0 0.0
 126.7500 2.8641e+00 2.5184e+00 3.1880e+00 2.5250e+00 3.1620e+00 2.7968e+00 2.9912e+00 0.0 0.0
 127.0000 2.8285e+00 2.4871e+00 3.1484e+00 2.4936e+00 3.1227e+00 2.7620e+00 2.9541e+00 0.0 0.0
 127.2500 2.7934e+00 2.4562e+00 3.1094e+00 2.4626e+00 3.0840e+00 2.7278e+00 2.9174e+00 0.0 0.0
 127.5000 2.7588e+00 2.4257e+00 3.0709e+00 2.4321e+00 3.0458e+00 2.6940e+00 2.8813e+00 0.0 0.0
 127.7500 2.7247e+00 2.3957e+00 3.0329e+00 2.4020e+00 3.0082e+00 2.6606e+00 2.8457e+00 0.0 0.0
 128.0000 2.6911e+00 2.3661e+00 2.9955e+00 2.3723e+00 2.9710e+00 2.6278e+00 2.8106e+00 0.0 0.0
 128.2500 2.6580e+00 2.3369e+00 2.9586e+00 2.3431e+00 2.9344e+00 2.5954e+00 2.7760e+00 0.0 0.0
 128.5000 2.6253e+00 2.3081e+00 2.9222e+00 2.3142e+00 2.8983e+00 2.5635e+00 2.7419e+00 0.0 0.0
 128.7500 2.5930e+00 2.2797e+00 2.8863e+00 2.2858e+00 2.8627e+00 2.5320e+00 2.7082e+00 0.0 0.0
 129.0000 2.5612e+00 2.2517e+00 2.8509e+00 2.2577e+00 2.8276e+00 2.5009e+00 2.6750e+00 0.0 0.0
 129.2500 2.5299e+00 2.2241e+00 2.8160e+00 2.2300e+00 2.7929e+00 2.4703e+00 2.6423e+00 0.0 0.0
 129.5000 2.4989e+00 2.1969e+00 2.7815e+00 2.2027e+00 2.7588e+00 2.4401e+00 2.6100e+00 0.0 0.0
 129.7500 2.4684e+00 2.1701e+00 2.7476e+00 2.1758e+00 2.7251e+00 2.4103e+00 2.5782e+00 0.0 0.0
 130.0000 2.4384e+00 2.1436e+00 2.7141e+00 2.1492e+00 2.6919e+00 2.3809e+00 2.5468e+00 0.0 0.0
 130.2500 2.4087e+00 2.1175e+00 2.6811e+00 2.1231e+00 2.6591e+00 2.3519e+00 2.5158e+00 0.0 0.0
 130.5000 2.3794e+00 2.0917e+00 2.6485e+00 2.0972e+00 2.6268e+00 2.3233e+00 2.4853e+00 0.0 0.0
 130.7500 2.3506e+00 2.0663e+00 2.6164e+00 2.0718e+00 2.5950e+00 2.2952e+00 2.4551e+00 0.0 0.0
 131.0000 2.3221e+00 2.0413e+00 2.5847e+00 2.0466e+00 2.5635e+00 2.2674e+00 2.4254e+00 0.0 0.0
 131.2500 2.2940e+00 2.0165e+00 2.5535e+00 2.0219e+00 2.5325e+00 2.2399e+00 2.3961e+00 0.0 0.0
 131.5000 2.2664e+00 1.9922e+00 2.5226e+00 1.9974e+00 2.5019e+00 2.2129e+00 2.3672e+00 0.0 0.0
 131.7500 2.2390e+00 1.9681e+00 2.4922e+00 1.9733e+00 2.4718e+00 2.1862e+00 2.3387e+00 0.0 0.0
 132.0000 2.2121e+00 1.9444e+00 2.4622e+00 1.9495e+00 2.4420e+00 2.1599e+00 2.3106e+00 0.0 0.0
 132.2500 2.1855e+00 1.9210e+00 2.4326e+00 1.9261e+00 2.4127e+00 2.1340e+00 2.2828e+00 0.0 0.0
 132.5000 2.1593e+00 1.8979e+00 2.4035e+00 1.9029e+00 2.3837e+00 2.1084e+00 2.2554e+00 0.0 0.0
 132.7500 2.1334e+00 1.8752e+00 2.3747e+00 1.8801e+00 2.3552e+00 2.0831e+00 2.2284e+00 0.0 0.0
 133.0000 2.1079e+00 1.8527e+00 2.3463e+00 1.8576e+00 2.3270e+00 2.0582e+00 2.2018e+00 0.0 0.0
 133.2500 2.0827e+00 1.8305e+00 2.3183e+00 1.8354e+00 2.2992e+00 2.0337e+00 2.1755e+00 0.0 0.0
 133.5000 2.0579e+00 1.8087e+00 2.2906e+00 1.8135e+00 2.2718e+00 2.0094e+00 2.1496e+00 0.0 0.0
 133.7500 2.0334e+00 1.7871e+00 2.2633e+00 1.7918e+00 2.2447e+00 1.9855e+00 2.1240e+00 0.0 0.0
 134.0000 2.0092e+00 1.7659e+00 2.2364e+00 1.7705e+00 2.2180e+00 1.9619e+00 2.0988e+00 0.0 0.0
 134.2500 1.9854e+00 1.7449e+00 2.2099e+00 1.7495e+00 2.1917e+00 1.9386e+00 2.0739e+00 0.0 0.0
 134.5000 1.9618e+00 1.7242e+00 2.1837e+00 1.7287e+00 2.1657e+00 1.9157e+00 2.0493e+00 0.0 0.0
 134.7500 1.9386e+00 1.7037e+00 2.1579e+00 1.7082e+00 2.1401e+00 1.8930e+00 2.0251e+00 0.0 0.0
 135.0000 1.9157e+00 1.6836e+00 2.1324e+00 1.6880e+00 2.1148e+00 1.8706e+00 2.0011e+00 0.0 0.0
 135.2500 1.8931e+00 1.6637e+00 2.1072e+00 1.6681e+00 2.0899e+00 1.8486e+00 1.9775e+00 0.0 0.0
 135.5000 1.8708e+00 1.6441e+00 2.0824e+00 1.6484e+00 2.0652e+00 1.8268e+00 1.9543e+00 0.0 0.0
 135.7500 1.8488e+00 1.6247e+00 2.0579e+00 1.6289e+00 2.0409e+00 1.8054e+00 1.9313e+00 0.0 0.0
 136.0000 1.8271e+00 1.6056e+00 2.0337e+00 1.6098e+00 2.0170e+00 1.7842e+00 1.9086e+00 0.0 0.0
 136.2500 1.8057e+00 1.5867e+00 2.0099e+00 1.5909e+00 1.9933e+00 1.7633e+00 1.8862e+00 0.0 0.0
 136.5000 1.7845e+00 1.5681e+00 1.9864e+00 1.5722e+00 1.9700e+00 1.7426e+00 1.8642e+00 0.0 0.0
 136.7500 1.7636e+00 1.5498e+00 1.9631e+00 1.5538e+00 1.9469e+00 1.7223e+00 1.8424e+00 0.0 0.0
 137.0000 1.7430e+00 1.5317e+00 1.9402e+00 1.5356e+00 1.9242e+00 1.7022e+00 1.8209e+00 0.0 0.0
 137.2500 1.7227e+00 1.5138e+00 1.9176e+00 1.5177e+00 1.9018e+00 1.6824e+00 1.7997e+00 0.0 0.0
 137.5000 1.7027e+00 1.4961e+00 1.8953e+00 1.5000e+00 1.8796e+00 1.6628e+00 1.7787e+00 0.0 0.0
 137.7500 1.6829e+00 1.4787e+00 1.8732e+00 1.4826e+00 1.8578e+00 1.6435e+00 1.7580e+00 0.0 0.0
 138.0000 1.6634e+00 1.4615e+00 1.8515e+00 1.4653e+00 1.8362e+00 1.6244e+00 1.7377e+00 0.0 0.0
 138.2500 1.6441e+00 1.4446e+00 1.8301e+00 1.4483e+00 1.8149e+00 1.6056e+00 1.7175e+00 0.0 0.0
 138.5000 1.6250e+00 1.4278e+00 1.8089e+00 1.4315e+00 1.7939e+00 1.5871e+00 1.6977e+00 0.0 0.0
 138.7500 1.6063e+00 1.4113e+00 1.7880e+00 1.4150e+00 1.7732e+00 1.5687e+00 1.6781e+00 0.0 0.0
 139.0000 1.5877e+00 1.3950e+00 1.7673e+00 1.3986e+00 1.7527e+00 1.5507e+00 1.6587e+00 0.0 0.0
 139.2500 1.5694e+00 1.3789e+00 1.7470e+00 1.3825e+00 1.7325e+00 1.5328e+00 1.6396e+00 0.0 0.0
 139.5000 1.5514e+00 1.3630e+00 1.7269e+00 1.3665e+00 1.7126e+00 1.5152e+00 1.6207e+00 0.0 0.0
 139.7500 1.5335e+00 1.3473e+00 1.7071e+00 1.3508e+00 1.6929e+00 1.4978e+00 1.6021e+00 0.0 0.0
 140.0000 1.5159e+00 1.3319e+00 1.6875e+00 1.3353e+00 1.6735e+00 1.4806e+00 1.5838e+00 0.0 0.0
 140.2500 1.4986e+00 1.3166e+00 1.6681e+00 1.3200e+00 1.6543e+00 1.4637e+00 1.5656e+00 0.0 0.0
 140.5000 1.4814e+00 1.3015e+00 1.6491e+00 1.3049e+00 1.6354e+00 1.4470e+00 1.5477e+00 0.0 0.0
 140.7500 1.4645e+00 1.2866e+00 1.6302e+00 1.2899e+00 1.6167e+00 1.4305e+00 1.5300e+00 0.0 0.0
 141.0000 1.4478e+00 1.2719e+00 1.6116e+00 1.2752e+00 1.5983e+00 1.4142e+00 1.5126e+00 0.0 0.0
 141.2500 1.4313e+00 1.2574e+00 1.5933e+00 1.2606e+00 1.5801e+00 1.3981e+00 1.4954e+00 0.0 0.0
 141.5000 1.4150e+00 1.2431e+00 1.5752e+00 1.2463e+00 1.5621e+00 1.3822e+00 1.4784e+00 0.0 0.0
 141.7500 1.3989e+00 1.2290e+00 1.5573e+00 1.2321e+00 1.5443e+00 1.3665e+00 1.4616e+00 0.0 0.0
 142.0000 1.3831e+00 1.2150e+00 1.5396e+00 1.2181e+00 1.5268e+00 1.3511e+00 1.4450e+00 0.0 0.0
 142.2500 1.3674e+00 1.2012e+00 1.5222e+00 1.2043e+00 1.5095e+00 1.3358e+00 1.4287e+00 0.0 0.0
 142.5000 1.3519e+00 1.1876e+00 1.5050e+00 1.1906e+00 1.4925e+00 1.3207e+00 1.4125e+00 0.0 0.0
 142.7500 1.3367e+00 1.1742e+00 1.4880e+00 1.1772e+00 1.4756e+00 1.3058e+00 1.3966e+00 0.0 0.0
 143.0000 1.3216e+00 1.1609e+00 1.4712e+00 1.1639e+00 1.4590e+00 1.2911e+00 1.3808e+00 0.0 0.0
 143.2500 1.3067e+00 1.1478e+00 1.4546e+00 1.1507e+00 1.4425e+00 1.2766e+00 1.3653e+00 0.0 0.0
 143.5000 1.2920e+00 1.1349e+00 1.4383e+00 1.1378e+00 1.4263e+00 1.2623e+00 1.3499e+00 0.0 0.0
 143.7500 1.2775e+00 1.1222e+00 1.4221e+00 1.1250e+00 1.4103e+00 1.2481e+00 1.3348e+00 0.0 0.0
 144.0000 1.2632e+00 1.1096e+00 1.4062e+00 1.1123e+00 1.3945e+00 1.2341e+00 1.3198e+00 0.0 0.0
 144.2500 1.2490e+00 1.0971e+00 1.3904e+00 1.0998e+00 1.3789e+00 1.2203e+00 1.3051e+00 0.0 0.0
 144.5000 1.2350e+00 1.0848e+00 1.3749e+00 1.0875e+00 1.3634e+00 1.2067e+00 1.2905e+00 0.0 0.0
 144.7500 1.2212e+00 1.0727e+00 1.3595e+00 1.0754e+00 1.3482e+00 1.1932e+00 1.2760e+00 0.0 0.0
 145.0000 1.2076e+00 1.0607e+00 1.3444e+00 1.0633e+00 1.3332e+00 1.1800e+00 1.2618e+00 0.0 0.0
 145.2500 1.1942e+00 1.0489e+00 1.3294e+00 1.0515e+00 1.3183e+00 1.1668e+00 1.2478e+00 0.0 0.0
 145.5000 1.1809e+00 1.0372e+00 1.3146e+00 1.0398e+00 1.3037e+00 1.1539e+00 1.2339e+00 0.0 0.0
 145.7500 1.1678e+00 1.0257e+00 1.3000e+00 1.0282e+00 1.2892e+00 1.1411e+00 1.2202e+00 0.0 0.0
 146.0000 1.1548e+00 1.0143e+00 1.2856e+00 1.0168e+00 1.2749e+00 1.1285e+00 1.2067e+00 0.0 0.0
 146.2500 1.1420e+00 1.0030e+00 1.2714e+00 1.0055e+00 1.2608e+00 1.1160e+00 1.1933e+00 0.0 0.0
 146.5000 1.1294e+00 9.9191e-01 1.2573e+00 9.9433e-01 1.2468e+00 1.1037e+00 1.1801e+00 0.0 0.0
 146.7500 1.1169e+00 9.8093e-01 1.2434e+00 9.8333e-01 1.2330e+00 1.0915e+00 1.1671e+00 0.0 0.0
 147.0000 1.1046e+00 9.7009e-01 1.2297e+00 9.7246e-01 1.2194e+00 1.0795e+00 1.1542e+00 0.0 0.0
 147.2500 1.0924e+00 9.5939e-01 1.2162e+00 9.6172e-01 1.2060e+00 1.0676e+00 1.1415e+00 0.0 0.0
 147.5000 1.0804e+00 9.4882e-01 1.2028e+00 9.5112e-01 1.1927e+00 1.0559e+00 1.1289e+00 0.0 0.0
 147.7500 1.0685e+00 9.3838e-01 1.1896e+00 9.4065e-01 1.1796e+00 1.0443e+00 1.1165e+00 0.0 0.0
 148.0000 1.0568e+00 9.2807e-01 1.1765e+00 9.3031e-01 1.1667e+00 1.0329e+00 1.1043e+00 0.0 0.0
 148.2500 1.0452e+00 9.1788e-01 1.1636e+00 9.2009e-01 1.1539e+00 1.0216e+00 1.0922e+00 0.0 0.0
 148.5000 1.0337e+00 9.0782e-01 1.1509e+00 9.1000e-01 1.1412e+00 1.0104e+00 1.0802e+00 0.0 0.0
 148.7500 1.0224e+00 8.9788e-01 1.1383e+00 9.0003e-01 1.1288e+00 9.9938e-01 1.0684e+00 0.0 0.0
 149.0000 1.0113e+00 8.8807e-01 1.1259e+00 8.9019e-01 1.1164e+00 9.8849e-01 1.0568e+00 0.0 0.0
 149.2500 1.0002e+00 8.7837e-01 1.1136e+00 8.8047e-01 1.1043e+00 9.7773e-01 1.0453e+00 0.0 0.0
 149.5000 9.8935e-01 8.6879e-01 1.1015e+00 8.7086e-01 1.0922e+00 9.6711e-01 1.0339e+00 0.0 0.0
 149.7500 9.7858e-01 8.5933e-01 1.0895e+00 8.6137e-01 1.0804e+00 9.5661e-01 1.0227e+00 0.0 0.0
 150.0000 9.6795e-01 8.4998e-01 1.0777e+00 8.5200e-01 1.0686e+00 9.4625e-01 1.0115e+00 0.0 0.0
 150.2500 9.5745e-01 8.4075e-01 1.0660e+00 8.4274e-01 1.0570e+00 9.3601e-01 1.0006e+00 0.0 0.0
 150.5000 9.4708e-01 8.3163e-01 1.0544e+00 8.3359e-01 1.0456e+00 9.2589e-01 9.8975e-01 0.0 0.0
 150.7500 9.3683e-01 8.2262e-01 1.0430e+00 8.2456e-01 1.0343e+00 9.1589e-01 9.7904e-01 0.0 0.0
 151.0000 9.2670e-01 8.1372e-01 1.0318e+00 8.1563e-01 1.0231e+00 9.0602e-01 9.6847e-01 0.0 0.0
 151.2500 9.1670e-01 8.0493e-01 1.0206e+00 8.0681e-01 1.0121e+00 8.9626e-01 9.5802e-01 0.0 0.0
 151.5000 9.0682e-01 7.9624e-01 1.0096e+00 7.9810e-01 1.0012e+00 8.8662e-01 9.4770e-01 0.0 0.0
 151.7500 8.9705e-01 7.8766e-01 9.9877e-01 7.8949e-01 9.9038e-01 8.7710e-01 9.3751e-01 0.0 0.0
 152.0000 8.8741e-01 7.7918e-01 9.8804e-01 7.8099e-01 9.7973e-01 8.6769e-01 9.2743e-01 0.0 0.0
 152.2500 8.7787e-01 7.7080e-01 9.7743e-01 7.7259e-01 9.6922e-01 8.5840e-01 9.1748e-01 0.0 0.0
 152.5000 8.6846e-01 7.6252e-01 9.6695e-01 7.6428e-01 9.5882e-01 8.4921e-01 9.0765e-01 0.0 0.0
 152.7500 8.5916e-01 7.5434e-01 9.5660e-01 7.5609e-01 9.4856e-01 8.4014e-01 8.9793e-01 0.0 0.0
 153.0000 8.4997e-01 7.4627e-01 9.4637e-01 7.4798e-01 9.3841e-01 8.3117e-01 8.8833e-01 0.0 0.0
 153.2500 8.4088e-01 7.3828e-01 9.3627e-01 7.3998e-01 9.2839e-01 8.2231e-01 8.7885e-01 0.0 0.0
 153.5000 8.3191e-01 7.3040e-01 9.2628e-01 7.3207e-01 9.1848e-01 8.1356e-01 8.6948e-01 0.0 0.0
 153.7500 8.2305e-01 7.2260e-01 9.1642e-01 7.2425e-01 9.0870e-01 8.0491e-01 8.6022e-01 0.0 0.0
 154.0000 8.1429e-01 7.1490e-01 9.0667e-01 7.1653e-01 8.9903e-01 7.9636e-01 8.5107e-01 0.0 0.0
 154.2500 8.0563e-01 7.0730e-01 8.9704e-01 7.0890e-01 8.8948e-01 7.8792e-01 8.4203e-01 0.0 0.0
 154.5000 7.9708e-01 6.9978e-01 8.8752e-01 7.0137e-01 8.8004e-01 7.7957e-01 8.3310e-01 0.0 0.0
 154.7500 7.8863e-01 6.9235e-01 8.7812e-01 6.9392e-01 8.7072e-01 7.7133e-01 8.2427e-01 0.0 0.0
 155.0000 7.8028e-01 6.8501e-01 8.6883e-01 6.8656e-01 8.6150e-01 7.6318e-01 8.1555e-01 0.0 0.0
 155.2500 7.7203e-01 6.7776e-01 8.5965e-01 6.7929e-01 8.5239e-01 7.5513e-01 8.0693e-01 0.0 0.0
 155.5000 7.6388e-01 6.7059e-01 8.5057e-01 6.7210e-01 8.4340e-01 7.4717e-01 7.9842e-01 0.0 0.0
 155.7500 7.5582e-01 6.6351e-01 8.4161e-01 6.6500e-01 8.3450e-01 7.3931e-01 7.9000e-01 0.0 0.0
 156.0000 7.4786e-01 6.5651e-01 8.3275e-01 6.5798e-01 8.2572e-01 7.3154e-01 7.8169e-01 0.0 0.0
 156.2500 7.3999e-01 6.4960e-01 8.2399e-01 6.5105e-01 8.1703e-01 7.2386e-01 7.7347e-01 0.0 0.0
 156.5000 7.3222e-01 6.4276e-01 8.1534e-01 6.4419e-01 8.0845e-01 7.1627e-01 7.6535e-01 0.0 0.0
 156.7500 7.2453e-01 6.3601e-01 8.0679e-01 6.3742e-01 7.9997e-01 7.0877e-01 7.5732e-01 0.0 0.0
 157.0000 7.1694e-01 6.2933e-01 7.9834e-01 6.3073e-01 7.9159e-01 7.0136e-01 7.4939e-01 0.0 0.0
 157.2500 7.0944e-01 6.2274e-01 7.8999e-01 6.2412e-01 7.8331e-01 6.9403e-01 7.4155e-01 0.0 0.0
 157.5000 7.0202e-01 6.1622e-01 7.8173e-01 6.1758e-01 7.7512e-01 6.8679e-01 7.3380e-01 0.0 0.0
 157.7500 6.9469e-01 6.0978e-01 7.7358e-01 6.1112e-01 7.6704e-01 6.7963e-01 7.2615e-01 0.0 0.0
 158.0000 6.8745e-01 6.0341e-01 7.6552e-01 6.0474e-01 7.5904e-01 6.7256e-01 7.1858e-01 0.0 0.0
 158.2500 6.8029e-01 5.9712e-01 7.5755e-01 5.9843e-01 7.5114e-01 6.6557e-01 7.1110e-01 0.0 0.0
 158.5000 6.7321e-01 5.9090e-01 7.4968e-01 5.9219e-01 7.4333e-01 6.5866e-01 7.0371e-01 0.0 0.0
 158.7500 6.6622e-01 5.8475e-01 7.4189e-01 5.8603e-01 7.3561e-01 6.5184e-01 6.9640e-01 0.0 0.0
 159.0000 6.5931e-01 5.7868e-01 7.3420e-01 5.7994e-01 7.2798e-01 6.4509e-01 6.8918e-01 0.0 0.0
 159.2500 6.5247e-01 5.7267e-01 7.2660e-01 5.7392e-01 7.2044e-01 6.3841e-01 6.8204e-01 0.0 0.0
 159.5000 6.4572e-01 5.6673e-01 7.1908e-01 5.6797e-01 7.1299e-01 6.3182e-01 6.7499e-01 0.0 0.0
 159.7500 6.3904e-01 5.6087e-01 7.1165e-01 5.6209e-01 7.0562e-01 6.2530e-01 6.6802e-01 0.0 0.0
 160.0000 6.3245e-01 5.5507e-01 7.0431e-01 5.5627e-01 6.9834e-01 6.1886e-01 6.6112e-01 0.0 0.0
 160.2500 6.2593e-01 5.4934e-01 6.9706e-01 5.5053e-01 6.9115e-01 6.1249e-01 6.5431e-01 0.0 0.0
 160.5000 6.1948e-01 5.4367e-01 6.8988e-01 5.4485e-01 6.8403e-01 6.0619e-01 6.4758e-01 0.0 0.0
 160.7500 6.1311e-01 5.3807e-01 6.8279e-01 5.3923e-01 6.7700e-01 5.9997e-01 6.4092e-01 0.0 0.0
 161.0000 6.0681e-01 5.3254e-01 6.7578e-01 5.3368e-01 6.7005e-01 5.9381e-01 6.3434e-01 0.0 0.0
 161.2500 6.0059e-01 5.2707e-01 6.6885e-01 5.2820e-01 6.6318e-01 5.8773e-01 6.2784e-01 0.0 0.0
 161.5000 5.9443e-01 5.2166e-01 6.6200e-01 5.2278e-01 6.5639e-01 5.8172e-01 6.2141e-01 0.0 0.0
 161.7500 5.8835e-01 5.1631e-01 6.5523e-01 5.1741e-01 6.4967e-01 5.7578e-01 6.1505e-01 0.0 0.0
 162.0000 5.8233e-01 5.1102e-01 6.4854e-01 5.1212e-01 6.4303e-01 5.6990e-01 6.0877e-01 0.0 0.0
 162.2500 5.7639e-01 5.0580e-01 6.4192e-01 5.0688e-01 6.3647e-01 5.6409e-01 6.0255e-01 0.0 0.0
 162.5000 5.7051e-01 5.0063e-01 6.3538e-01 5.0170e-01 6.2999e-01 5.5835e-01 5.9641e-01 0.0 0.0
 162.7500 5.6470e-01 4.9553e-01 6.2892e-01 4.9658e-01 6.2357e-01 5.5267e-01 5.9034e-01 0.0 0.0
 163.0000 5.5895e-01 4.9048e-01 6.2252e-01 4.9152e-01 6.1723e-01 5.4706e-01 5.8434e-01 0.0 0.0
 163.2500 5.5327e-01 4.8549e-01 6.1620e-01 4.8652e-01 6.1097e-01 5.4151e-01 5.7841e-01 0.0 0.0
 163.5000 5.4766e-01 4.8055e-01 6.0995e-01 4.8157e-01 6.0477e-01 5.3602e-01 5.7254e-01 0.0 0.0
 163.7500 5.4211e-01 4.7567e-01 6.0378e-01 4.7668e-01 5.9864e-01 5.3059e-01 5.6674e-01 0.0 0.0
 164.0000 5.3662e-01 4.7085e-01 5.9767e-01 4.7185e-01 5.9259e-01 5.2523e-01 5.6100e-01 0.0 0.0
 164.2500 5.3119e-01 4.6608e-01 5.9163e-01 4.6707e-01 5.8660e-01 5.1993e-01 5.5534e-01 0.0 0.0
 164.5000 5.2583e-01 4.6137e-01 5.8566e-01 4.6234e-01 5.8068e-01 5.1468e-01 5.4973e-01 0.0 0.0
 164.7500 5.2053e-01 4.5671e-01 5.7976e-01 4.5767e-01 5.7483e-01 5.0950e-01 5.4419e-01 0.0 0.0
 165.0000 5.1528e-01 4.5210e-01 5.7392e-01 4.5305e-01 5.6904e-01 5.0437e-01 5.3871e-01 0.0 0.0
 165.2500 5.1010e-01 4.4754e-01 5.6815e-01 4.4848e-01 5.6332e-01 4.9930e-01 5.3329e-01 0.0 0.0
 165.5000 5.0497e-01 4.4304e-01 5.6244e-01 4.4396e-01 5.5766e-01 4.9429e-01 5.2793e-01 0.0 0.0
 165.7500 4.9990e-01 4.3858e-01 5.5680e-01 4.3950e-01 5.5206e-01 4.8933e-01 5.2263e-01 0.0 0.0
 166.0000 4.9489e-01 4.3418e-01 5.5122e-01 4.3508e-01 5.4653e-01 4.8443e-01 5.1740e-01 0.0 0.0
 166.2500 4.8993e-01 4.2982e-01 5.4571e-01 4.3072e-01 5.4106e-01 4.7959e-01 5.1222e-01 0.0 0.0
 166.5000 4.8503e-01 4.2552e-01 5.4025e-01 4.2640e-01 5.3565e-01 4.7479e-01 5.0710e-01 0.0 0.0
 166.7500 4.8018e-01 4.2126e-01 5.3486e-01 4.2213e-01 5.3030e-01 4.7006e-01 5.0203e-01 0.0 0.0
 167.0000 4.7539e-01 4.1705e-01 5.2953e-01 4.1791e-01 5.2502e-01 4.6537e-01 4.9702e-01 0.0 0.0
 167.2500 4.7065e-01 4.1288e-01 5.2425e-01 4.1374e-01 5.1979e-01 4.6074e-01 4.9207e-01 0.0 0.0
 167.5000 4.6597e-01 4.0877e-01 5.1904e-01 4.0961e-01 5.1462e-01 4.5615e-01 4.8718e-01 0.0 0.0
 167.7500 4.6133e-01 4.0469e-01 5.1388e-01 4.0553e-01 5.0950e-01 4.5162e-01 4.8233e-01 0.0 0.0
 168.0000 4.5675e-01 4.0067e-01 5.0878e-01 4.0150e-01 5.0444e-01 4.4714e-01 4.7754e-01 0.0 0.0
 168.2500 4.5222e-01 3.9669e-01 5.0374e-01 3.9751e-01 4.9944e-01 4.4271e-01 4.7281e-01 0.0 0.0
 168.5000 4.4774e-01 3.9275e-01 4.9875e-01 3.9356e-01 4.9450e-01 4.3832e-01 4.6813e-01 0.0 0.0
 168.7500 4.4331e-01 3.8885e-01 4.9382e-01 3.8966e-01 4.8961e-01 4.3399e-01 4.6349e-01 0.0 0.0
 169.0000 4.3892e-01 3.8500e-01 4.8894e-01 3.8580e-01 4.8477e-01 4.2970e-01 4.5891e-01 0.0 0.0
 169.2500 4.3459e-01 3.8119e-01 4.8411e-01 3.8198e-01 4.7999e-01 4.2546e-01 4.5438e-01 0.0 0.0
 169.5000 4.3030e-01 3.7743e-01 4.7934e-01 3.7821e-01 4.7525e-01 4.2126e-01 4.4990e-01 0.0 0.0
 169.7500 4.2606e-01 3.7370e-01 4.7462e-01 3.7447e-01 4.7058e-01 4.1712e-01 4.4547e-01 0.0 0.0
 170.0000 4.2187e-01 3.7002e-01 4.6996e-01 3.7078e-01 4.6595e-01 4.1301e-01 4.4109e-01 0.0 0.0
 170.2500 4.1772e-01 3.6638e-01 4.6534e-01 3.6713e-01 4.6137e-01 4.0896e-01 4.3676e-01 0.0 0.0
 170.5000 4.1362e-01 3.6277e-01 4.6078e-01 3.6352e-01 4.5685e-01 4.0494e-01 4.3247e-01 0.0 0.0
 170.7500 4.0957e-01 3.5921e-01 4.5626e-01 3.5995e-01 4.5237e-01 4.0097e-01 4.2823e-01 0.0 0.0
 171.0000 4.0555e-01 3.5568e-01 4.5180e-01 3.5641e-01 4.4794e-01 3.9705e-01 4.2404e-01 0.0 0.0
 171.2500 4.0158e-01 3.5220e-01 4.4738e-01 3.5292e-01 4.4356e-01 3.9316e-01 4.1989e-01 0.0 0.0
 171.5000 3.9766e-01 3.4875e-01 4.4301e-01 3.4947e-01 4.3923e-01 3.8932e-01 4.1579e-01 0.0 0.0
 171.7500 3.9378e-01 3.4534e-01 4.3869e-01 3.4605e-01 4.3495e-01 3.8552e-01 4.1173e-01 0.0 0.0
 172.0000 3.8994e-01 3.4196e-01 4.3442e-01 3.4267e-01 4.3071e-01 3.8176e-01 4.0772e-01 0.0 0.0
 172.2500 3.8614e-01 3.3863e-01 4.3019e-01 3.3932e-01 4.2652e-01 3.7804e-01 4.0375e-01 0.0 0.0
 172.5000 3.8238e-01 3.3533e-01 4.2601e-01 3.3602e-01 4.2237e-01 3.7437e-01 3.9982e-01 0.0 0.0
 172.7500 3.7867e-01 3.3206e-01 4.2187e-01 3.3274e-01 4.1827e-01 3.7073e-01 3.9594e-01 0.0 0.0
 173.0000 3.7499e-01 3.2883e-01 4.1778e-01 3.2951e-01 4.1421e-01 3.6713e-01 3.9210e-01 0.0 0.0
 173.2500 3.7135e-01 3.2564e-01 4.1373e-01 3.2631e-01 4.1020e-01 3.6357e-01 3.8830e-01 0.0 0.0
 173.5000 3.6776e-01 3.2248e-01 4.0973e-01 3.2314e-01 4.0623e-01 3.6005e-01 3.8454e-01 0.0 0.0
 173.7500 3.6420e-01 3.1935e-01 4.0577e-01 3.2001e-01 4.0230e-01 3.5656e-01 3.8082e-01 0.0 0.0
 174.0000 3.6068e-01 3.1626e-01 4.0185e-01 3.1691e-01 3.9842e-01 3.5312e-01 3.7714e-01 0.0 0.0
 174.2500 3.5720e-01 3.1320e-01 3.9797e-01 3.1384e-01 3.9457e-01 3.4970e-01 3.7350e-01 0.0 0.0
 174.5000 3.5375e-01 3.1018e-01 3.9414e-01 3.1081e-01 3.9077e-01 3.4633e-01 3.6990e-01 0.0 0.0
 174.7500 3.5035e-01 3.0718e-01 3.9035e-01 3.0781e-01 3.8701e-01 3.4299e-01 3.6634e-01 0.0 0.0
 175.0000 3.4697e-01 3.0422e-01 3.8659e-01 3.0485e-01 3.8329e-01 3.3969e-01 3.6281e-01 0.0 0.0
 175.2500 3.4364e-01 3.0129e-01 3.8288e-01 3.0191e-01 3.7961e-01 3.3643e-01 3.5933e-01 0.0 0.0
 175.5000 3.4034e-01 2.9839e-01 3.7921e-01 2.9901e-01 3.7597e-01 3.3320e-01 3.5588e-01 0.0 0.0
 175.7500 3.3708e-01 2.9553e-01 3.7558e-01 2.9613e-01 3.7237e-01 3.3000e-01 3.5247e-01 0.0 0.0
 176.0000 3.3385e-01 2.9269e-01 3.7198e-01 2.9329e-01 3.6880e-01 3.2683e-01 3.4909e-01 0.0 0.0
 176.2500 3.3065e-01 2.8988e-01 3.6843e-01 2.9048e-01 3.6528e-01 3.2370e-01 3.4575e-01 0.0 0.0
 176.5000 3.2749e-01 2.8711e-01 3.6491e-01 2.8770e-01 3.6179e-01 3.2061e-01 3.4245e-01 0.0 0.0
 176.7500 3.2436e-01 2.8436e-01 3.6143e-01 2.8495e-01 3.5834e-01 3.1754e-01 3.3918e-01 0.0 0.0
 177.0000 3.2127e-01 2.8164e-01 3.5798e-01 2.8222e-01 3.5492e-01 3.1451e-01 3.3595e-01 0.0 0.0
 177.2500 3.1821e-01 2.7895e-01 3.5458e-01 2.7953e-01 3.5154e-01 3.1151e-01 3.3275e-01 0.0 0.0
 177.5000 3.1518e-01 2.7629e-01 3.5120e-01 2.7687e-01 3.4820e-01 3.0854e-01 3.2958e-01 0.0 0.0
 177.7500 3.1218e-01 2.7366e-01 3.4787e-01 2.7423e-01 3.4489e-01 3.0561e-01 3.2645e-01 0.0 0.0
 178.0000 3.0922e-01 2.7106e-01 3.4457e-01 2.7162e-01 3.4162e-01 3.0270e-01 3.2335e-01 0.0 0.0
 178.2500 3.0628e-01 2.6848e-01 3.4130e-01 2.6904e-01 3.3838e-01 2.9983e-01 3.2028e-01 0.0 0.0
 178.5000 3.0338e-01 2.6593e-01 3.3807e-01 2.6648e-01 3.3518e-01 2.9698e-01 3.1725e-01 0.0 0.0
 178.7500 3.0051e-01 2.6341e-01 3.3487e-01 2.6396e-01 3.3201e-01 2.9417e-01 3.1424e-01 0.0 0.0
 179.0000 2.9767e-01 2.6091e-01 3.3171e-01 2.6145e-01 3.2887e-01 2.9138e-01 3.1127e-01 0.0 0.0
 179.2500 2.9486e-01 2.5844e-01 3.2858e-01 2.5898e-01 3.2577e-01 2.8862e-01 3.0833e-01 0.0 0.0
 179.5000 2.9207e-01 2.5600e-01 3.2548e-01 2.5653e-01 3.2270e-01 2.8590e-01 3.0543e-01 0.0 0.0
 179.7500 2.8932e-01 2.5358e-01 3.2242e-01 2.5411e-01 3.1966e-01 2.8319e-01 3.0255e-01 0.0 0.0
 180.0000 2.8659e-01 2.5119e-01 3.1938e-01 2.5171e-01 3.1665e-01 2.8052e-01 2.9970e-01 0.0 0.0
 180.2500 2.8390e-01 2.4882e-01 3.1638e-01 2.4934e-01 3.1367e-01 2.7788e-01 2.9688e-01 0.0 0.0
 180.5000 2.8123e-01 2.4648e-01 3.1341e-01 2.4699e-01 3.1073e-01 2.7526e-01 2.9409e-01 0.0 0.0
 180.7500 2.7859e-01 2.4416e-01 3.1047e-01 2.4467e-01 3.0781e-01 2.7268e-01 2.9133e-01 0.0 0.0
 181.0000 2.7598e-01 2.4186e-01 3.0756e-01 2.4237e-01 3.0493e-01 2.7011e-01 2.8860e-01 0.0 0.0
 181.2500 2.7339e-01 2.3959e-01 3.0468e-01 2.4010e-01 3.0207e-01 2.6758e-01 2.8590e-01 0.0 0.0
 181.5000 2.7083e-01 2.3735e-01 3.0183e-01 2.3785e-01 2.9925e-01 2.6507e-01 2.8322e-01 0.0 0.0
 181.7500 2.6830e-01 2.3512e-01 2.9901e-01 2.3562e-01 2.9646e-01 2.6258e-01 2.8057e-01 0.0 0.0
 182.0000 2.6580e-01 2.3292e-01 2.9622e-01 2.3341e-01 2.9369e-01 2.6012e-01 2.7795e-01 0.0 0.0
 182.2500 2.6331e-01 2.3074e-01 2.9346e-01 2.3123e-01 2.9095e-01 2.5769e-01 2.7536e-01 0.0 0.0
 182.5000 2.6086e-01 2.2859e-01 2.9073e-01 2.2907e-01 2.8824e-01 2.5528e-01 2.7280e-01 0.0 0.0
 182.7500 2.5843e-01 2.2646e-01 2.8803e-01 2.2694e-01 2.8556e-01 2.5290e-01 2.7026e-01 0.0 0.0
 183.0000 2.5603e-01 2.2434e-01 2.8535e-01 2.2482e-01 2.8291e-01 2.5054e-01 2.6774e-01 0.0 0.0
 183.2500 2.5365e-01 2.2226e-01 2.8270e-01 2.2273e-01 2.8028e-01 2.4821e-01 2.6526e-01 0.0 0.0
 183.5000 2.5129e-01 2.2019e-01 2.8008e-01 2.2066e-01 2.7768e-01 2.4590e-01 2.6279e-01 0.0 0.0
 183.7500 2.4896e-01 2.1814e-01 2.7748e-01 2.1861e-01 2.7511e-01 2.4361e-01 2.6036e-01 0.0 0.0
 184.0000 2.4666e-01 2.1612e-01 2.7491e-01 2.1658e-01 2.7256e-01 2.4135e-01 2.5795e-01 0.0 0.0
 184.2500 2.4437e-01 2.1411e-01 2.7237e-01 2.1457e-01 2.7004e-01 2.3911e-01 2.5556e-01 0.0 0.0
 184.5000 2.4211e-01 2.1213e-01 2.6986e-01 2.1258e-01 2.6755e-01 2.3689e-01 2.5320e-01 0.0 0.0
 184.7500 2.3988e-01 2.1016e-01 2.6737e-01 2.1062e-01 2.6508e-01 2.3469e-01 2.5086e-01 0.0 0.0
 185.0000 2.3766e-01 2.0822e-01 2.6490e-01 2.0867e-01 2.6263e-01 2.3252e-01 2.4854e-01 0.0 0.0
 185.2500 2.3547e-01 2.0629e-01 2.6246e-01 2.0674e-01 2.6021e-01 2.3037e-01 2.4625e-01 0.0 0.0
 185.5000 2.3330e-01 2.0439e-01 2.6005e-01 2.0484e-01 2.5782e-01 2.2824e-01 2.4399e-01 0.0 0.0
 185.7500 2.3115e-01 2.0251e-01 2.5766e-01 2.0295e-01 2.5545e-01 2.2613e-01 2.4174e-01 0.0 0.0
 186.0000 2.2903e-01 2.0064e-01 2.5529e-01 2.0108e-01 2.5311e-01 2.2405e-01 2.3952e-01 0.0 0.0
 186.2500 2.2693e-01 1.9879e-01 2.5295e-01 1.9923e-01 2.5078e-01 2.2198e-01 2.3732e-01 0.0 0.0
 186.5000 2.2485e-01 1.9697e-01 2.5063e-01 1.9740e-01 2.4849e-01 2.1994e-01 2.3515e-01 0.0 0.0
 186.7500 2.2279e-01 1.9516e-01 2.4834e-01 1.9559e-01 2.4621e-01 2.1792e-01 2.3299e-01 0.0 0.0
 187.0000 2.2075e-01 1.9337e-01 2.4607e-01 1.9380e-01 2.4396e-01 2.1591e-01 2.3086e-01 0.0 0.0
 187.2500 2.1873e-01 1.9160e-01 2.4382e-01 1.9202e-01 2.4173e-01 2.1393e-01 2.2875e-01 0.0 0.0
 187.5000 2.1673e-01 1.8984e-01 2.4160e-01 1.9027e-01 2.3953e-01 2.1197e-01 2.2666e-01 0.0 0.0
 187.7500 2.1475e-01 1.8811e-01 2.3939e-01 1.8853e-01 2.3734e-01 2.1003e-01 2.2460e-01 0.0 0.0
 188.0000 2.1280e-01 1.8639e-01 2.3721e-01 1.8681e-01 2.3518e-01 2.0811e-01 2.2255e-01 0.0 0.0
 188.2500 2.1086e-01 1.8469e-01 2.3506e-01 1.8510e-01 2.3304e-01 2.0620e-01 2.2052e-01 0.0 0.0
 188.5000 2.0894e-01 1.8300e-01 2.3292e-01 1.8342e-01 2.3092e-01 2.0432e-01 2.1852e-01 0.0 0.0
 188.7500 2.0704e-01 1.8134e-01 2.3081e-01 1.8175e-01 2.2883e-01 2.0245e-01 2.1654e-01 0.0 0.0
 189.0000 2.0516e-01 1.7969e-01 2.2871e-01 1.8010e-01 2.2675e-01 2.0061e-01 2.1457e-01 0.0 0.0
 189.2500 2.0330e-01 1.7805e-01 2.2664e-01 1.7846e-01 2.2470e-01 1.9878e-01 2.1263e-01 0.0 0.0
 189.5000 2.0146e-01 1.7644e-01 2.2459e-01 1.7684e-01 2.2267e-01 1.9697e-01 2.1070e-01 0.0 0.0
 189.7500 1.9964e-01 1.7484e-01 2.2256e-01 1.7524e-01 2.2065e-01 1.9518e-01 2.0879e-01 0.0 0.0
 190.0000 1.9783e-01 1.7325e-01 2.2055e-01 1.7365e-01 2.1866e-01 1.9341e-01 2.0691e-01 0.0 0.0
 190.2500 1.9605e-01 1.7168e-01 2.1856e-01 1.7208e-01 2.1669e-01 1.9165e-01 2.0504e-01 0.0 0.0
 190.5000 1.9428e-01 1.7013e-01 2.1659e-01 1.7053e-01 2.1474e-01 1.8991e-01 2.0319e-01 0.0 0.0
 190.7500 1.9253e-01 1.6859e-01 2.1464e-01 1.6899e-01 2.1280e-01 1.8819e-01 2.0136e-01 0.0 0.0
 191.0000 1.9079e-01 1.6707e-01 2.1271e-01 1.6746e-01 2.1089e-01 1.8649e-01 1.9955e-01 0.0 0.0
 191.2500 1.8908e-01 1.6556e-01 2.1080e-01 1.6596e-01 2.0899e-01 1.8480e-01 1.9775e-01 0.0 0.0
 191.5000 1.8738e-01 1.6407e-01 2.0891e-01 1.6446e-01 2.0712e-01 1.8313e-01 1.9598e-01 0.0 0.0
 191.7500 1.8569e-01 1.6260e-01 2.0704e-01 1.6298e-01 2.0526e-01 1.8148e-01 1.9422e-01 0.0 0.0
 192.0000 1.8403e-01 1.6114e-01 2.0518e-01 1.6152e-01 2.0342e-01 1.7985e-01 1.9248e-01 0.0 0.0
 192.2500 1.8238e-01 1.5969e-01 2.0335e-01 1.6007e-01 2.0160e-01 1.7823e-01 1.9076e-01 0.0 0.0
 192.5000 1.8075e-01 1.5826e-01 2.0153e-01 1.5864e-01 1.9980e-01 1.7662e-01 1.8905e-01 0.0 0.0
 192.7500 1.7913e-01 1.5684e-01 1.9973e-01 1.5722e-01 1.9802e-01 1.7503e-01 1.8736e-01 0.0 0.0
 193.0000 1.7753e-01 1.5543e-01 1.9795e-01 1.5581e-01 1.9625e-01 1.7346e-01 1.8569e-01 0.0 0.0
 193.2500 1.7595e-01 1.5404e-01 1.9618e-01 1.5442e-01 1.9450e-01 1.7191e-01 1.8403e-01 0.0 0.0
 193.5000 1.7438e-01 1.5267e-01 1.9444e-01 1.5304e-01 1.9277e-01 1.7036e-01 1.8239e-01 0.0 0.0
 193.7500 1.7283e-01 1.5130e-01 1.9271e-01 1.5168e-01 1.9105e-01 1.6884e-01 1.8077e-01 0.0 0.0
 194.0000 1.7129e-01 1.4995e-01 1.9100e-01 1.5032e-01 1.8936e-01 1.6733e-01 1.7916e-01 0.0 0.0
 194.2500 1.6977e-01 1.4862e-01 1.8930e-01 1.4899e-01 1.8768e-01 1.6583e-01 1.7757e-01 0.0 0.0
 194.5000 1.6826e-01 1.4729e-01 1.8762e-01 1.4766e-01 1.8601e-01 1.6435e-01 1.7599e-01 0.0 0.0
 194.7500 1.6677e-01 1.4599e-01 1.8596e-01 1.4635e-01 1.8436e-01 1.6288e-01 1.7443e-01 0.0 0.0
 195.0000 1.6529e-01 1.4469e-01 1.8432e-01 1.4505e-01 1.8273e-01 1.6143e-01 1.7289e-01 0.0 0.0
 195.2500 1.6383e-01 1.4340e-01 1.8269e-01 1.4377e-01 1.8112e-01 1.5999e-01 1.7136e-01 0.0 0.0
 195.5000 1.6238e-01 1.4213e-01 1.8107e-01 1.4249e-01 1.7952e-01 1.5857e-01 1.6984e-01 0.0 0.0
 195.7500 1.6095e-01 1.4087e-01 1.7948e-01 1.4123e-01 1.7793e-01 1.5716e-01 1.6834e-01 0.0 0.0
 196.0000 1.5953e-01 1.3963e-01 1.7789e-01 1.3999e-01 1.7636e-01 1.5576e-01 1.6686e-01 0.0 0.0
 196.2500 1.5812e-01 1.3839e-01 1.7633e-01 1.3875e-01 1.7481e-01 1.5438e-01 1.6539e-01 0.0 0.0
 196.5000 1.5673e-01 1.3717e-01 1.7478e-01 1.3753e-01 1.7327e-01 1.5301e-01 1.6393e-01 0.0 0.0
 196.7500 1.5535e-01 1.3596e-01 1.7324e-01 1.3631e-01 1.7175e-01 1.5166e-01 1.6249e-01 0.0 0.0
 197.0000 1.5398e-01 1.3476e-01 1.7172e-01 1.3512e-01 1.7024e-01 1.5032e-01 1.6106e-01 0.0 0.0
 197.2500 1.5263e-01 1.3358e-01 1.7021e-01 1.3393e-01 1.6875e-01 1.4899e-01 1.5965e-01 0.0 0.0
 197.5000 1.5129e-01 1.3240e-01 1.6872e-01 1.3275e-01 1.6727e-01 1.4767e-01 1.5825e-01 0.0 0.0
 197.7500 1.4996e-01 1.3124e-01 1.6724e-01 1.3159e-01 1.6581e-01 1.4637e-01 1.5686e-01 0.0 0.0
 198.0000 1.4865e-01 1.3008e-01 1.6578e-01 1.3043e-01 1.6436e-01 1.4508e-01 1.5549e-01 0.0 0.0
 198.2500 1.4735e-01 1.2894e-01 1.6433e-01 1.2929e-01 1.6292e-01 1.4380e-01 1.5413e-01 0.0 0.0
 198.5000 1.4606e-01 1.2781e-01 1.6290e-01 1.2816e-01 1.6150e-01 1.4253e-01 1.5278e-01 0.0 0.0
 198.7500 1.4479e-01 1.2669e-01 1.6148e-01 1.2704e-01 1.6009e-01 1.4128e-01 1.5145e-01 0.0 0.0
 199.0000 1.4352e-01 1.2559e-01 1.6007e-01 1.2593e-01 1.5870e-01 1.4004e-01 1.5013e-01 0.0 0.0
 199.2500 1.4227e-01 1.2449e-01 1.5868e-01 1.2483e-01 1.5732e-01 1.3881e-01 1.4882e-01 0.0 0.0
 199.5000 1.4103e-01 1.2340e-01 1.5730e-01 1.2374e-01 1.5595e-01 1.3759e-01 1.4752e-01 0.0 0.0
 199.7500 1.3981e-01 1.2233e-01 1.5593e-01 1.2266e-01 1.5459e-01 1.3639e-01 1.4624e-01 0.0 0.0
 200.0000 1.3859e-01 1.2126e-01 1.5458e-01 1.2160e-01 1.5325e-01 1.3519e-01 1.4497e-01 0.0 0.0