   2.0000 1.2905e+07 7.7707e+06 1.8987e+07 8.3864e+06 1.8304e+07 1.0962e+07 1.5283e+07 1.1432e+07 1.4386e+07
   2.2500 1.1826e+07 7.2306e+06 1.7320e+07 7.7856e+06 1.6723e+07 1.0090e+07 1.3933e+07 1.0493e+07 1.3152e+07
   2.5000 1.0633e+07 6.6274e+06 1.5522e+07 7.1074e+06 1.5012e+07 9.1271e+06 1.2468e+07 9.4727e+06 1.1802e+07
   2.7500 9.4480e+06 5.9906e+06 1.3726e+07 6.4079e+06 1.3300e+07 8.1494e+06 1.1012e+07 8.4358e+06 1.0460e+07
   3.0000 8.3205e+06 5.3712e+06 1.2044e+07 5.7273e+06 1.1695e+07 7.2161e+06 9.6373e+06 7.4523e+06 9.1847e+06
   3.2500 7.2827e+06 4.7863e+06 1.0508e+07 5.0878e+06 1.0222e+07 6.3511e+06 8.3864e+06 6.5437e+06 8.0218e+06
   3.5000 6.3494e+06 4.2450e+06 9.1373e+06 4.4993e+06 8.9049e+06 5.5668e+06 7.2712e+06 5.7223e+06 6.9758e+06
   3.7500 5.5223e+06 3.7542e+06 7.9248e+06 3.9677e+06 7.7362e+06 4.8672e+06 6.2902e+06 4.9931e+06 6.0523e+06
   4.0000 4.7981e+06 3.3123e+06 6.8672e+06 3.4920e+06 6.7149e+06 4.2492e+06 5.4359e+06 4.3504e+06 5.2458e+06
   4.2500 4.1668e+06 2.9197e+06 5.9483e+06 3.0706e+06 5.8252e+06 3.7076e+06 4.6969e+06 3.7891e+06 4.5446e+06
   4.5000 3.6204e+06 2.5724e+06 5.1549e+06 2.6994e+06 5.0549e+06 3.2360e+06 4.0615e+06 3.3002e+06 3.9405e+06
   4.7500 3.1480e+06 2.2674e+06 4.4714e+06 2.3744e+06 4.3899e+06 2.8262e+06 3.5159e+06 2.8772e+06 3.4196e+06
   5.0000 2.7414e+06 1.9873e+06 3.8837e+06 2.0764e+06 3.8171e+06 2.4706e+06 3.0492e+06 2.5110e+06 2.9718e+06
   5.2500 2.3916e+06 1.7394e+06 3.3784e+06 1.8131e+06 3.3241e+06 2.1637e+06 2.6484e+06 2.1949e+06 2.5875e+06
   5.5000 2.0896e+06 1.5261e+06 2.9437e+06 1.5867e+06 2.8986e+06 1.8978e+06 2.3060e+06 1.9225e+06 2.2575e+06
   5.7500 1.8295e+06 1.3412e+06 2.5707e+06 1.3917e+06 2.5332e+06 1.6674e+06 2.0122e+06 1.6863e+06 1.9736e+06
   6.0000 1.6057e+06 1.1805e+06 2.2490e+06 1.2230e+06 2.2180e+06 1.4674e+06 1.7596e+06 1.4822e+06 1.7291e+06
   6.2500 1.4123e+06 1.0417e+06 1.9716e+06 1.0773e+06 1.9456e+06 1.2946e+06 1.5431e+06 1.3061e+06 1.5184e+06
   6.5000 1.2452e+06 9.2105e+05 1.7327e+06 9.5139e+05 1.7110e+06 1.1440e+06 1.3563e+06 1.1530e+06 1.3366e+06
   6.7500 1.0995e+06 8.1659e+05 1.5263e+06 8.4193e+05 1.5077e+06 1.0139e+06 1.1950e+06 1.0197e+06 1.1794e+06
   7.0000 9.7361e+05 7.2557e+05 1.3474e+06 7.4720e+05 1.3316e+06 8.9954e+05 1.0551e+06 9.0448e+05 1.0436e+06
   7.2500 8.6415e+05 6.4599e+05 1.1921e+06 6.6449e+05 1.1785e+06 8.0028e+05 9.3493e+05 8.0374e+05 9.2505e+05
   7.5000 7.6885e+05 5.7619e+05 1.0567e+06 5.9215e+05 1.0452e+06 7.1338e+05 8.2958e+05 7.1576e+05 8.2193e+05
   7.7500 6.8539e+05 5.1520e+05 9.3907e+05 5.2894e+05 9.2917e+05 6.3725e+05 7.3790e+05 6.3881e+05 7.3198e+05
   8.0000 6.1231e+05 4.6156e+05 8.3650e+05 4.7347e+05 8.2794e+05 5.7034e+05 6.5791e+05 5.7124e+05 6.5338e+05
   8.2500 5.4820e+05 4.1434e+05 7.4671e+05 4.2467e+05 7.3930e+05 5.1158e+05 5.8787e+05 5.1191e+05 5.8441e+05
   8.5000 4.9174e+05 3.7271e+05 6.6782e+05 3.8171e+05 6.6136e+05 4.5965e+05 5.2639e+05 4.5965e+05 5.2384e+05
   8.7500 4.4195e+05 3.3594e+05 5.9837e+05 3.4377e+05 5.9272e+05 4.1380e+05 4.7232e+05 4.1356e+05 4.7043e+05
   9.0000 3.9800e+05 3.0333e+05 5.3726e+05 3.1019e+05 5.3232e+05 3.7323e+05 4.2467e+05 3.7274e+05 4.2335e+05
   9.2500 3.5908e+05 2.7437e+05 4.8324e+05 2.8040e+05 4.7890e+05 3.3726e+05 3.8253e+05 3.3652e+05 3.8162e+05
   9.5000 3.2459e+05 2.4865e+05 4.3549e+05 2.5398e+05 4.3166e+05 3.0525e+05 3.4525e+05 3.0443e+05 3.4476e+05
   9.7500 2.9381e+05 2.2568e+05 3.9318e+05 2.3036e+05 3.8977e+05 2.7678e+05 3.1216e+05 2.7579e+05 3.1192e+05
  10.0000 2.6649e+05 2.0521e+05 3.5557e+05 2.0937e+05 3.5257e+05 2.5134e+05 2.8270e+05 2.5027e+05 2.8270e+05
  10.2500 2.4213e+05 1.8679e+05 3.2207e+05 1.9052e+05 3.1941e+05 2.2855e+05 2.5653e+05 2.2748e+05 2.5669e+05
  10.5000 2.2032e+05 1.7034e+05 2.9222e+05 1.7365e+05 2.8986e+05 2.0822e+05 2.3307e+05 2.0715e+05 2.3340e+05
  10.7500 2.0073e+05 1.5557e+05 2.6557e+05 1.5851e+05 2.6344e+05 1.8995e+05 2.1217e+05 1.8888e+05 2.1258e+05
  11.0000 1.8320e+05 1.4227e+05 2.4164e+05 1.4493e+05 2.3974e+05 1.7349e+05 1.9340e+05 1.7242e+05 1.9390e+05
  11.2500 1.6740e+05 1.3039e+05 2.2030e+05 1.3275e+05 2.1859e+05 1.5876e+05 1.7653e+05 1.5769e+05 1.7711e+05
  11.5000 1.5316e+05 1.1961e+05 2.0105e+05 1.2172e+05 1.9950e+05 1.4542e+05 1.6139e+05 1.4435e+05 1.6205e+05
  11.7500 1.4040e+05 1.0976e+05 1.8375e+05 1.1168e+05 1.8238e+05 1.3341e+05 1.4773e+05 1.3234e+05 1.4839e+05
  12.0000 1.2880e+05 1.0099e+05 1.6824e+05 1.0271e+05 1.6699e+05 1.2254e+05 1.3538e+05 1.2148e+05 1.3612e+05
  12.2500 1.1835e+05 9.2925e+04 1.5421e+05 9.4480e+04 1.5308e+05 1.1267e+05 1.2427e+05 1.1168e+05 1.2501e+05
  12.5000 1.0888e+05 8.5653e+04 1.4149e+05 8.7073e+04 1.4049e+05 1.0370e+05 1.1423e+05 1.0279e+05 1.1489e+05
  12.7500 1.0024e+05 7.9060e+04 1.2998e+05 8.0317e+04 1.2905e+05 9.5633e+04 1.0510e+05 9.4727e+04 1.0584e+05
  13.0000 9.2423e+04 7.3018e+04 1.1961e+05 7.4177e+04 1.1876e+05 8.8226e+04 9.6867e+04 8.7320e+04 9.7526e+04
  13.2500 8.5345e+04 6.7520e+04 1.1015e+05 6.8581e+04 1.0938e+05 8.1502e+04 8.9296e+04 8.0662e+04 9.0036e+04
  13.5000 7.8852e+04 6.2518e+04 1.0152e+05 6.3478e+04 1.0082e+05 7.5379e+04 8.2465e+04 7.4564e+04 8.3123e+04
  13.7500 7.2942e+04 5.7935e+04 9.3726e+04 5.8812e+04 9.3081e+04 6.9782e+04 7.6234e+04 6.9000e+04 7.6885e+04
  14.0000 6.7552e+04 5.3740e+04 8.6594e+04 5.4540e+04 8.6004e+04 6.4671e+04 7.0548e+04 6.3922e+04 7.1181e+04
  14.2500 6.2614e+04 4.9900e+04 8.0108e+04 5.0631e+04 7.9568e+04 5.9988e+04 6.5346e+04 5.9272e+04 6.5955e+04
  14.5000 5.8104e+04 4.6379e+04 7.4170e+04 4.7051e+04 7.3675e+04 5.5701e+04 6.0589e+04 5.5018e+04 6.1182e+04
  14.7500 5.3964e+04 4.3144e+04 6.8739e+04 4.3759e+04 6.8284e+04 5.1767e+04 5.6236e+04 5.1116e+04 5.6804e+04
  15.0000 5.0162e+04 4.0173e+04 6.3766e+04 4.0738e+04 6.3346e+04 4.8154e+04 5.2236e+04 4.7528e+04 5.2795e+04
  15.2500 4.6672e+04 3.7439e+04 5.9215e+04 3.7957e+04 5.8828e+04 4.4837e+04 4.8574e+04 4.4236e+04 4.9108e+04
  15.5000 4.3463e+04 3.4920e+04 5.5036e+04 3.5397e+04 5.4680e+04 4.1776e+04 4.5199e+04 4.1208e+04 4.5718e+04
  15.7500 4.0508e+04 3.2603e+04 5.1190e+04 3.3043e+04 5.0861e+04 3.8961e+04 4.2105e+04 3.8418e+04 4.2598e+04
  16.0000 3.7792e+04 3.0456e+04 4.7657e+04 3.0862e+04 4.7355e+04 3.6368e+04 3.9249e+04 3.5850e+04 3.9726e+04
  16.2500 3.5274e+04 2.8473e+04 4.4413e+04 2.8846e+04 4.4129e+04 3.3973e+04 3.6624e+04 3.3471e+04 3.7084e+04
  16.5000 3.2961e+04 2.6640e+04 4.1419e+04 2.6986e+04 4.1158e+04 3.1760e+04 3.4196e+04 3.1282e+04 3.4640e+04
  16.7500 3.0821e+04 2.4944e+04 3.8658e+04 2.5266e+04 3.8418e+04 2.9710e+04 3.1957e+04 2.9258e+04 3.2377e+04
  17.0000 2.8838e+04 2.3380e+04 3.6107e+04 2.3678e+04 3.5883e+04 2.7817e+04 2.9883e+04 2.7381e+04 3.0295e+04
  17.2500 2.7003e+04 2.1921e+04 3.3754e+04 2.2196e+04 3.3546e+04 2.6064e+04 2.7966e+04 2.5645e+04 2.8361e+04
  17.5000 2.5307e+04 2.0565e+04 3.1574e+04 2.0822e+04 3.1381e+04 2.4435e+04 2.6196e+04 2.4040e+04 2.6566e+04
  17.7500 2.3727e+04 1.9317e+04 2.9562e+04 1.9554e+04 2.9381e+04 2.2920e+04 2.4550e+04 2.2550e+04 2.4912e+04
  18.0000 2.2262e+04 1.8149e+04 2.7699e+04 1.8369e+04 2.7529e+04 2.1521e+04 2.3028e+04 2.1159e+04 2.3373e+04
  18.2500 2.0912e+04 1.7059e+04 2.5965e+04 1.7266e+04 2.5809e+04 2.0221e+04 2.1612e+04 1.9875e+04 2.1941e+04
  18.5000 1.9645e+04 1.6056e+04 2.4358e+04 1.6246e+04 2.4213e+04 1.9011e+04 2.0295e+04 1.8682e+04 2.0608e+04
  18.7500 1.8468e+04 1.5116e+04 2.2869e+04 1.5291e+04 2.2731e+04 1.7884e+04 1.9077e+04 1.7571e+04 1.9373e+04
  19.0000 1.7382e+04 1.4236e+04 2.1477e+04 1.4402e+04 2.1349e+04 1.6830e+04 1.7941e+04 1.6534e+04 1.8230e+04
  19.2500 1.6361e+04 1.3415e+04 2.0191e+04 1.3571e+04 2.0073e+04 1.5851e+04 1.6880e+04 1.5563e+04 1.7151e+04
  19.5000 1.5407e+04 1.2654e+04 1.8992e+04 1.2798e+04 1.8880e+04 1.4937e+04 1.5892e+04 1.4666e+04 1.6156e+04
  19.7500 1.4526e+04 1.1937e+04 1.7873e+04 1.2073e+04 1.7769e+04 1.4082e+04 1.4970e+04 1.3826e+04 1.5226e+04
  20.0000 1.3695e+04 1.1272e+04 1.6830e+04 1.1398e+04 1.6732e+04 1.3291e+04 1.4114e+04 1.3036e+04 1.4353e+04
  20.2500 1.2921e+04 1.0646e+04 1.5863e+04 1.0765e+04 1.5769e+04 1.2542e+04 1.3316e+04 1.2304e+04 1.3547e+04
  20.5000 1.2205e+04 1.0059e+04 1.4951e+04 1.0172e+04 1.4863e+04 1.1843e+04 1.2567e+04 1.1621e+04 1.2789e+04
  20.7500 1.1530e+04 9.5144e+03 1.4105e+04 9.6209e+03 1.4024e+04 1.1193e+04 1.1868e+04 1.0979e+04 1.2073e+04
  21.0000 1.0896e+04 9.0030e+03 1.3311e+04 9.1024e+03 1.3234e+04 1.0584e+04 1.1209e+04 1.0378e+04 1.1415e+04
  21.2500 1.0304e+04 8.5248e+03 1.2573e+04 8.6168e+03 1.2501e+04 1.0016e+04 1.0592e+04 9.8184e+03 1.0790e+04
  21.5000 9.7443e+03 8.0721e+03 1.1878e+04 8.1576e+03 1.1810e+04 9.4727e+03 1.0016e+04 9.2917e+03 1.0205e+04
  21.7500 9.2258e+03 7.6458e+03 1.1233e+04 7.7288e+03 1.1168e+04 8.9707e+03 9.4810e+03 8.7896e+03 9.6620e+03
  22.0000 8.7403e+03 7.2485e+03 1.0618e+04 7.3264e+03 1.0559e+04 8.5016e+03 8.9789e+03 8.3288e+03 9.1435e+03
  22.2500 8.2794e+03 6.8752e+03 1.0048e+04 6.9478e+03 9.9912e+03 8.0580e+03 8.5016e+03 7.8926e+03 8.6662e+03
  22.5000 7.8481e+03 6.5230e+03 9.5183e+03 6.5914e+03 9.4645e+03 7.6407e+03 8.0564e+03 7.4827e+03 8.2135e+03
  22.7500 7.4432e+03 6.1927e+03 9.0134e+03 6.2573e+03 8.9625e+03 7.2490e+03 7.6374e+03 7.0976e+03 7.7889e+03
  23.0000 7.0622e+03 5.8813e+03 8.5414e+03 5.9421e+03 8.4934e+03 6.8803e+03 7.2441e+03 6.7354e+03 7.3889e+03
  23.2500 6.7042e+03 5.5875e+03 8.1006e+03 5.6450e+03 8.0555e+03 6.5330e+03 6.8737e+03 6.3947e+03 7.0128e+03
  23.5000 6.3667e+03 5.3109e+03 7.6843e+03 5.3651e+03 7.6416e+03 6.2062e+03 6.5264e+03 6.0737e+03 6.6589e+03
  23.7500 6.0482e+03 5.0499e+03 7.2922e+03 5.1009e+03 7.2514e+03 5.8984e+03 6.1988e+03 5.7709e+03 6.3256e+03
  24.0000 5.7486e+03 4.8040e+03 6.9238e+03 4.8524e+03 6.8852e+03 5.6079e+03 5.8894e+03 5.4853e+03 6.0120e+03
  24.2500 5.4664e+03 4.5721e+03 6.5761e+03 4.6179e+03 6.5396e+03 5.3339e+03 5.5989e+03 5.2170e+03 5.7157e+03
  24.5000 5.1997e+03 4.3523e+03 6.2492e+03 4.3956e+03 6.2145e+03 5.0754e+03 5.3240e+03 4.9627e+03 5.4367e+03
  24.7500 4.9487e+03 4.1455e+03 5.9402e+03 4.1866e+03 5.9075e+03 4.8310e+03 5.0656e+03 4.7240e+03 5.1726e+03
  25.0000 4.7109e+03 3.9502e+03 5.6490e+03 3.9891e+03 5.6178e+03 4.6006e+03 4.8211e+03 4.4977e+03 4.9240e+03
  25.2500 4.4862e+03 3.7648e+03 5.3752e+03 3.8014e+03 5.3454e+03 4.3833e+03 4.5899e+03 4.2837e+03 4.6894e+03
  25.5000 4.2747e+03 3.5895e+03 5.1159e+03 3.6245e+03 5.0878e+03 4.1767e+03 4.3718e+03 4.0821e+03 4.4672e+03
  25.7500 4.0738e+03 3.4245e+03 4.8711e+03 3.4574e+03 4.8442e+03 3.9825e+03 4.1660e+03 3.8911e+03 4.2574e+03
  26.0000 3.8846e+03 3.2670e+03 4.6401e+03 3.2986e+03 4.6146e+03 3.7973e+03 3.9710e+03 3.7101e+03 4.0590e+03
  26.2500 3.7052e+03 3.1181e+03 4.4214e+03 3.1480e+03 4.3973e+03 3.6228e+03 3.7866e+03 3.5397e+03 3.8706e+03
  26.5000 3.5356e+03 2.9772e+03 4.2144e+03 3.0056e+03 4.1915e+03 3.4582e+03 3.6122e+03 3.3776e+03 3.6928e+03
  26.7500 3.3743e+03 2.8445e+03 4.0193e+03 2.8714e+03 3.9973e+03 3.3011e+03 3.4467e+03 3.2245e+03 3.5249e+03
  27.0000 3.2220e+03 2.7174e+03 3.8339e+03 2.7431e+03 3.8130e+03 3.1529e+03 3.2903e+03 3.0788e+03 3.3652e+03
  27.2500 3.0772e+03 2.5978e+03 3.6593e+03 2.6221e+03 3.6393e+03 3.0122e+03 3.1422e+03 2.9414e+03 3.2138e+03
  27.5000 2.9406e+03 2.4836e+03 3.4929e+03 2.5069e+03 3.4739e+03 2.8788e+03 3.0015e+03 2.8105e+03 3.0706e+03
  27.7500 2.8105e+03 2.3752e+03 3.3355e+03 2.3974e+03 3.3175e+03 2.7521e+03 2.8682e+03 2.6863e+03 2.9340e+03
  28.0000 2.6871e+03 2.2726e+03 3.1865e+03 2.2937e+03 3.1694e+03 2.6319e+03 2.7414e+03 2.5686e+03 2.8048e+03
  28.2500 2.5694e+03 2.1749e+03 3.0453e+03 2.1949e+03 3.0286e+03 2.5176e+03 2.6212e+03 2.4567e+03 2.6830e+03
  28.5000 2.4583e+03 2.0820e+03 2.9103e+03 2.1011e+03 2.8945e+03 2.4089e+03 2.5077e+03 2.3505e+03 2.5661e+03
  28.7500 2.3530e+03 1.9940e+03 2.7828e+03 2.0122e+03 2.7678e+03 2.3061e+03 2.3991e+03 2.2501e+03 2.4558e+03
  29.0000 2.2526e+03 1.9099e+03 2.6619e+03 1.9275e+03 2.6476e+03 2.2081e+03 2.2962e+03 2.1538e+03 2.3505e+03
  29.2500 2.1571e+03 1.8299e+03 2.5469e+03 1.8468e+03 2.5332e+03 2.1143e+03 2.1982e+03 2.0624e+03 2.2509e+03
  29.5000 2.0657e+03 1.7537e+03 2.4377e+03 1.7695e+03 2.4246e+03 2.0262e+03 2.1052e+03 1.9760e+03 2.1554e+03
  29.7500 1.9793e+03 1.6819e+03 2.3344e+03 1.6970e+03 2.3217e+03 1.9415e+03 2.0172e+03 1.8937e+03 2.0657e+03
  30.0000 1.8970e+03 1.6126e+03 2.2358e+03 1.6271e+03 2.2238e+03 1.8616e+03 1.9324e+03 1.8147e+03 1.9793e+03
  30.2500 1.8188e+03 1.5475e+03 2.1416e+03 1.5612e+03 2.1299e+03 1.7851e+03 1.8526e+03 1.7406e+03 1.8978e+03
  30.5000 1.7439e+03 1.4847e+03 2.0522e+03 1.4979e+03 2.0410e+03 1.7118e+03 1.7760e+03 1.6690e+03 1.8197e+03
  30.7500 1.6732e+03 1.4242e+03 1.9670e+03 1.4370e+03 1.9563e+03 1.6427e+03 1.7036e+03 1.6007e+03 1.7456e+03
  31.0000 1.6057e+03 1.3680e+03 1.8866e+03 1.3802e+03 1.8764e+03 1.5760e+03 1.6345e+03 1.5365e+03 1.6748e+03
  31.2500 1.5407e+03 1.3135e+03 1.8090e+03 1.3250e+03 1.7991e+03 1.5127e+03 1.5686e+03 1.4748e+03 1.6073e+03
  31.5000 1.4789e+03 1.2613e+03 1.7360e+03 1.2724e+03 1.7267e+03 1.4526e+03 1.5053e+03 1.4156e+03 1.5423e+03
  31.7500 1.4205e+03 1.2122e+03 1.6657e+03 1.2230e+03 1.6567e+03 1.3950e+03 1.4452e+03 1.3596e+03 1.4814e+03
  32.0000 1.3645e+03 1.1650e+03 1.5987e+03 1.1752e+03 1.5900e+03 1.3407e+03 1.3884e+03 1.3061e+03 1.4230e+03
  32.2500 1.3110e+03 1.1201e+03 1.5349e+03 1.1300e+03 1.5267e+03 1.2880e+03 1.3333e+03 1.2551e+03 1.3670e+03
  32.5000 1.2600e+03 1.0770e+03 1.4745e+03 1.0864e+03 1.4666e+03 1.2378e+03 1.2814e+03 1.2065e+03 1.3135e+03
  32.7500 1.2106e+03 1.0355e+03 1.4159e+03 1.0444e+03 1.4082e+03 1.1901e+03 1.2312e+03 1.1596e+03 1.2625e+03
  33.0000 1.1645e+03 9.9626e+02 1.3604e+03 1.0049e+03 1.3530e+03 1.1448e+03 1.1843e+03 1.1152e+03 1.2139e+03
  33.2500 1.1201e+03 9.5864e+02 1.3080e+03 9.6702e+02 1.3012e+03 1.1012e+03 1.1382e+03 1.0724e+03 1.1670e+03
  33.5000 1.0773e+03 9.2267e+02 1.2568e+03 9.3081e+02 1.2501e+03 1.0592e+03 1.0946e+03 1.0312e+03 1.1226e+03
  33.7500 1.0362e+03 8.8790e+02 1.2091e+03 8.9542e+02 1.2024e+03 1.0197e+03 1.0534e+03 9.9254e+02 1.0806e+03
  34.0000 9.9748e+02 8.5517e+02 1.1626e+03 8.6250e+02 1.1563e+03 9.8102e+02 1.0139e+03 9.5550e+02 1.0395e+03
  34.2500 9.6044e+02 8.2340e+02 1.1186e+03 8.3041e+02 1.1127e+03 9.4480e+02 9.7525e+02 9.2011e+02 1.0008e+03
  34.5000 9.2423e+02 7.9331e+02 1.0767e+03 8.0004e+02 1.0707e+03 9.0941e+02 9.3904e+02 8.8555e+02 9.6373e+02
  34.7500 8.9049e+02 7.6420e+02 1.0359e+03 7.7082e+02 1.0304e+03 8.7650e+02 9.0448e+02 8.5263e+02 9.2752e+02
  35.0000 8.5757e+02 7.3664e+02 9.9793e+02 7.4284e+02 9.9254e+02 8.4440e+02 8.7073e+02 8.2168e+02 8.9378e+02
  35.2500 8.2629e+02 7.1000e+02 9.6069e+02 7.1601e+02 9.5550e+02 8.1337e+02 8.3946e+02 7.9173e+02 8.6086e+02
  35.5000 7.9642e+02 6.8449e+02 9.2507e+02 6.9033e+02 9.2011e+02 7.8391e+02 8.0868e+02 7.6300e+02 8.2958e+02
  35.7500 7.6761e+02 6.6005e+02 8.9121e+02 6.6564e+02 8.8637e+02 7.5576e+02 7.7938e+02 7.3551e+02 7.9979e+02
  36.0000 7.4012e+02 6.3660e+02 8.5892e+02 6.4202e+02 8.5427e+02 7.2868e+02 7.5132e+02 7.0910e+02 7.7107e+02
  36.2500 7.1362e+02 6.1420e+02 8.2752e+02 6.1939e+02 8.2300e+02 7.0276e+02 7.2440e+02 6.8383e+02 7.4350e+02
  36.5000 6.8836e+02 5.9265e+02 7.9803e+02 5.9766e+02 7.9370e+02 6.7790e+02 6.9864e+02 6.5963e+02 7.1708e+02
  36.7500 6.6408e+02 5.7191e+02 7.6939e+02 5.7676e+02 7.6523e+02 6.5404e+02 6.7387e+02 6.3634e+02 6.9173e+02
  37.0000 6.4071e+02 5.5211e+02 7.4204e+02 5.5676e+02 7.3798e+02 6.3116e+02 6.5017e+02 6.1404e+02 6.6745e+02
  37.2500 6.1840e+02 5.3300e+02 7.1579e+02 5.3750e+02 7.1189e+02 6.0918e+02 6.2737e+02 5.9264e+02 6.4416e+02
  37.5000 5.9692e+02 5.1472e+02 6.9057e+02 5.1907e+02 6.8679e+02 5.8812e+02 6.0556e+02 5.7207e+02 6.2178e+02
  37.7500 5.7626e+02 4.9711e+02 6.6642e+02 5.0129e+02 6.6276e+02 5.6787e+02 5.8458e+02 5.5232e+02 6.0030e+02
  38.0000 5.5651e+02 4.8021e+02 6.4315e+02 4.8425e+02 6.3964e+02 5.4845e+02 5.6441e+02 5.3339e+02 5.7964e+02
  38.2500 5.3750e+02 4.6398e+02 6.2090e+02 4.6788e+02 6.1750e+02 5.2976e+02 5.4515e+02 5.1520e+02 5.5980e+02
  38.5000 5.1923e+02 4.4839e+02 5.9956e+02 4.5216e+02 5.9626e+02 5.1182e+02 5.2655e+02 4.9767e+02 5.4079e+02
  38.7500 5.0170e+02 4.3337e+02 5.7894e+02 4.3701e+02 5.7577e+02 4.9454e+02 5.0870e+02 4.8088e+02 5.2244e+02
  39.0000 4.8483e+02 4.1902e+02 5.5926e+02 4.2253e+02 5.5618e+02 4.7800e+02 4.9158e+02 4.6475e+02 5.0491e+02
  39.2500 4.6862e+02 4.0513e+02 5.4032e+02 4.0854e+02 5.3734e+02 4.6203e+02 4.7504e+02 4.4919e+02 4.8804e+02
  39.5000 4.5298e+02 3.9178e+02 5.2212e+02 3.9504e+02 5.1923e+02 4.4672e+02 4.5923e+02 4.3430e+02 4.7174e+02
  39.7500 4.3800e+02 3.7894e+02 5.0457e+02 3.8212e+02 5.0178e+02 4.3191e+02 4.4393e+02 4.1989e+02 4.5611e+02
  40.0000 4.2360e+02 3.6653e+02 4.8778e+02 3.6961e+02 4.8508e+02 4.1775e+02 4.2928e+02 4.0607e+02 4.4113e+02
  40.2500 4.0969e+02 3.5470e+02 4.7157e+02 3.5768e+02 4.6894e+02 4.0409e+02 4.1520e+02 3.9274e+02 4.2664e+02
  40.5000 3.9636e+02 3.4327e+02 4.5601e+02 3.4615e+02 4.5347e+02 3.9093e+02 4.0162e+02 3.7998e+02 4.1273e+02
  40.7500 3.8352e+02 3.3217e+02 4.4102e+02 3.3496e+02 4.3858e+02 3.7833e+02 3.8854e+02 3.6763e+02 3.9932e+02
  41.0000 3.7109e+02 3.2158e+02 4.2664e+02 3.2426e+02 4.2426e+02 3.6615e+02 3.7603e+02 3.5578e+02 3.8640e+02
  41.2500 3.5916e+02 3.1137e+02 4.1276e+02 3.1397e+02 4.1043e+02 3.5438e+02 3.6385e+02 3.4434e+02 3.7405e+02
  41.5000 3.4772e+02 3.0147e+02 3.9941e+02 3.0402e+02 3.9718e+02 3.4311e+02 3.5224e+02 3.3331e+02 3.6204e+02
  41.7500 3.3669e+02 2.9202e+02 3.8649e+02 2.9447e+02 3.8434e+02 3.3225e+02 3.4097e+02 3.2278e+02 3.5052e+02
  42.0000 3.2599e+02 2.8289e+02 3.7417e+02 2.8525e+02 3.7208e+02 3.2171e+02 3.3019e+02 3.1257e+02 3.3940e+02
  42.2500 3.1570e+02 2.7407e+02 3.6221e+02 2.7636e+02 3.6014e+02 3.1159e+02 3.1974e+02 3.0270e+02 3.2879e+02
  42.5000 3.0583e+02 2.6550e+02 3.5076e+02 2.6772e+02 3.4879e+02 3.0188e+02 3.0969e+02 2.9324e+02 3.1842e+02
  42.7500 2.9628e+02 2.5732e+02 3.3969e+02 2.5949e+02 3.3776e+02 2.9249e+02 2.9998e+02 2.8402e+02 3.0854e+02
  43.0000 2.8706e+02 2.4941e+02 3.2901e+02 2.5151e+02 3.2714e+02 2.8344e+02 2.9068e+02 2.7521e+02 2.9891e+02
  43.2500 2.7817e+02 2.4176e+02 3.1869e+02 2.4377e+02 3.1686e+02 2.7472e+02 2.8171e+02 2.6673e+02 2.8970e+02
  43.5000 2.6970e+02 2.3437e+02 3.0882e+02 2.3637e+02 3.0706e+02 2.6624e+02 2.7299e+02 2.5850e+02 2.8081e+02
  43.7500 2.6138e+02 2.2730e+02 2.9922e+02 2.2921e+02 2.9751e+02 2.5818e+02 2.6459e+02 2.5060e+02 2.7217e+02
  44.0000 2.5340e+02 2.2043e+02 2.9006e+02 2.2229e+02 2.8838e+02 2.5027e+02 2.5653e+02 2.4295e+02 2.6394e+02
  44.2500 2.4575e+02 2.1382e+02 2.8112e+02 2.1563e+02 2.7949e+02 2.4270e+02 2.4871e+02 2.3562e+02 2.5595e+02
  44.5000 2.3834e+02 2.0736e+02 2.7252e+02 2.0912e+02 2.7093e+02 2.3538e+02 2.4122e+02 2.2847e+02 2.4822e+02
  44.7500 2.3118e+02 2.0125e+02 2.6423e+02 2.0295e+02 2.6270e+02 2.2838e+02 2.3398e+02 2.2163e+02 2.4073e+02
  45.0000 2.2427e+02 1.9528e+02 2.5630e+02 1.9694e+02 2.5480e+02 2.2155e+02 2.2698e+02 2.1497e+02 2.3357e+02
  45.2500 2.1760e+02 1.8950e+02 2.4858e+02 1.9110e+02 2.4715e+02 2.1497e+02 2.2015e+02 2.0863e+02 2.2657e+02
  45.5000 2.1118e+02 1.8392e+02 2.4114e+02 1.8550e+02 2.3974e+02 2.0863e+02 2.1365e+02 2.0238e+02 2.1991e+02
  45.7500 2.0493e+02 1.7855e+02 2.3395e+02 1.8007e+02 2.3258e+02 2.0246e+02 2.0731e+02 1.9645e+02 2.1340e+02
  46.0000 1.9892e+02 1.7333e+02 2.2700e+02 1.7481e+02 2.2567e+02 1.9653e+02 2.0122e+02 1.9069e+02 2.0715e+02
  46.2500 1.9308e+02 1.6835e+02 2.2032e+02 1.6978e+02 2.1900e+02 1.9077e+02 1.9530e+02 1.8509e+02 2.0114e+02
  46.5000 1.8748e+02 1.6343e+02 2.1376e+02 1.6485e+02 2.1250e+02 1.8526e+02 1.8962e+02 1.7966e+02 1.9522e+02
  46.7500 1.8205e+02 1.5878e+02 2.0756e+02 1.6016e+02 2.0633e+02 1.7991e+02 1.8411e+02 1.7448e+02 1.8962e+02
  47.0000 1.7678e+02 1.5423e+02 2.0151e+02 1.5555e+02 2.0032e+02 1.7472e+02 1.7876e+02 1.6946e+02 1.8411e+02
  47.2500 1.7168e+02 1.4980e+02 1.9565e+02 1.5110e+02 1.9447e+02 1.6970e+02 1.7365e+02 1.6452e+02 1.7884e+02
  47.5000 1.6682e+02 1.4554e+02 1.8993e+02 1.4682e+02 1.8880e+02 1.6485e+02 1.6863e+02 1.5983e+02 1.7374e+02
  47.7500 1.6205e+02 1.4148e+02 1.8448e+02 1.4271e+02 1.8336e+02 1.6016e+02 1.6386e+02 1.5530e+02 1.6880e+02
  48.0000 1.5744e+02 1.3747e+02 1.7927e+02 1.3868e+02 1.7818e+02 1.5563e+02 1.5917e+02 1.5086e+02 1.6402e+02
  48.2500 1.5300e+02 1.3363e+02 1.7415e+02 1.3481e+02 1.7308e+02 1.5127e+02 1.5472e+02 1.4658e+02 1.5941e+02
  48.5000 1.4872e+02 1.2987e+02 1.6916e+02 1.3102e+02 1.6814e+02 1.4699e+02 1.5036e+02 1.4246e+02 1.5489e+02
  48.7500 1.4452e+02 1.2630e+02 1.6439e+02 1.2740e+02 1.6337e+02 1.4287e+02 1.4608e+02 1.3851e+02 1.5061e+02
  49.0000 1.4049e+02 1.2279e+02 1.5976e+02 1.2386e+02 1.5876e+02 1.3892e+02 1.4205e+02 1.3464e+02 1.4641e+02
  49.2500 1.3662e+02 1.1942e+02 1.5529e+02 1.2049e+02 1.5431e+02 1.3505e+02 1.3810e+02 1.3086e+02 1.4238e+02
  49.5000 1.3283e+02 1.1616e+02 1.5097e+02 1.1719e+02 1.5003e+02 1.3135e+02 1.3423e+02 1.2724e+02 1.3843e+02
  49.7500 1.2913e+02 1.1298e+02 1.4678e+02 1.1398e+02 1.4584e+02 1.2773e+02 1.3053e+02 1.2370e+02 1.3464e+02
  50.0000 1.2559e+02 1.0989e+02 1.4272e+02 1.1086e+02 1.4180e+02 1.2427e+02 1.2699e+02 1.2032e+02 1.3094e+02
  50.2500 1.2222e+02 1.0693e+02 1.3872e+02 1.0789e+02 1.3785e+02 1.2090e+02 1.2353e+02 1.1703e+02 1.2732e+02
  50.5000 1.1884e+02 1.0400e+02 1.3493e+02 1.0493e+02 1.3407e+02 1.1761e+02 1.2016e+02 1.1382e+02 1.2386e+02
  50.7500 1.1563e+02 1.0123e+02 1.3130e+02 1.0213e+02 1.3044e+02 1.1440e+02 1.1687e+02 1.1078e+02 1.2057e+02
  51.0000 1.1250e+02 9.8528e+01 1.2773e+02 9.9418e+01 1.2691e+02 1.1135e+02 1.1374e+02 1.0773e+02 1.1728e+02
  51.2500 1.0954e+02 9.5894e+01 1.2424e+02 9.6785e+01 1.2345e+02 1.0831e+02 1.1069e+02 1.0485e+02 1.1415e+02
  51.5000 1.0658e+02 9.3303e+01 1.2086e+02 9.4151e+01 1.2008e+02 1.0543e+02 1.0773e+02 1.0205e+02 1.1111e+02
  51.7500 1.0370e+02 9.0870e+01 1.1764e+02 9.1682e+01 1.1687e+02 1.0263e+02 1.0485e+02 9.9336e+01 1.0814e+02
  52.0000 1.0098e+02 8.8491e+01 1.1448e+02 8.9296e+01 1.1374e+02 9.9912e+01 1.0205e+02 9.6703e+01 1.0526e+02
  52.2500 9.8349e+01 8.6116e+01 1.1143e+02 8.6909e+01 1.1069e+02 9.7279e+01 9.9336e+01 9.4151e+01 1.0255e+02
  52.5000 9.5715e+01 8.3903e+01 1.0845e+02 8.4687e+01 1.0773e+02 9.4727e+01 9.6703e+01 9.1600e+01 9.9830e+01
  52.7500 9.3246e+01 8.1693e+01 1.0561e+02 8.2465e+01 1.0493e+02 9.2258e+01 9.4151e+01 8.9213e+01 9.7196e+01
  53.0000 9.0777e+01 7.9588e+01 1.0281e+02 8.0317e+01 1.0213e+02 8.9872e+01 9.1682e+01 8.6909e+01 9.4645e+01
  53.2500 8.8390e+01 7.7514e+01 1.0011e+02 7.8234e+01 9.9418e+01 8.7485e+01 8.9296e+01 8.4604e+01 9.2258e+01
  53.5000 8.6086e+01 7.5522e+01 9.7548e+01 7.6226e+01 9.6867e+01 8.5263e+01 8.6991e+01 8.2382e+01 8.9872e+01
  53.7500 8.3864e+01 7.3586e+01 9.4962e+01 7.4267e+01 9.4316e+01 8.3041e+01 8.4769e+01 8.0275e+01 8.7485e+01
  54.0000 8.1740e+01 7.1693e+01 9.2473e+01 7.2375e+01 9.1847e+01 8.0901e+01 8.2547e+01 7.8201e+01 8.5263e+01
  54.2500 7.9642e+01 6.9863e+01 9.0090e+01 7.0531e+01 8.9460e+01 7.8827e+01 8.0440e+01 7.6185e+01 8.3123e+01
  54.5000 7.7609e+01 6.8092e+01 8.7765e+01 6.8745e+01 8.7156e+01 7.6819e+01 7.8391e+01 7.4235e+01 8.0983e+01
  54.7500 7.5634e+01 6.6370e+01 8.5531e+01 6.7009e+01 8.4934e+01 7.4868e+01 7.6391e+01 7.2342e+01 7.8934e+01
  55.0000 7.3716e+01 6.4695e+01 8.3376e+01 6.5322e+01 8.2794e+01 7.2975e+01 7.4457e+01 7.0498e+01 7.6934e+01
  55.2500 7.1856e+01 6.3070e+01 8.1242e+01 6.3684e+01 8.0671e+01 7.1132e+01 7.2572e+01 6.8712e+01 7.5000e+01
  55.5000 7.0046e+01 6.1495e+01 7.9181e+01 6.2095e+01 7.8621e+01 6.9346e+01 7.0745e+01 6.6976e+01 7.3115e+01
  55.7500 6.8293e+01 5.9958e+01 7.7180e+01 6.0548e+01 7.6630e+01 6.7609e+01 6.8967e+01 6.5289e+01 7.1296e+01
  56.0000 6.6589e+01 5.8473e+01 7.5241e+01 5.9050e+01 7.4704e+01 6.5922e+01 6.7239e+01 6.3659e+01 6.9519e+01
  56.2500 6.4927e+01 5.7028e+01 7.3358e+01 5.7593e+01 7.2827e+01 6.4284e+01 6.5568e+01 6.2062e+01 6.7799e+01
  56.5000 6.3322e+01 5.5616e+01 7.1525e+01 5.6170e+01 7.1008e+01 6.2696e+01 6.3939e+01 6.0523e+01 6.6120e+01
  56.7500 6.1758e+01 5.4251e+01 6.9748e+01 5.4795e+01 6.9239e+01 6.1149e+01 6.2359e+01 5.9017e+01 6.4499e+01
  57.0000 6.0235e+01 5.2930e+01 6.8016e+01 5.3462e+01 6.7519e+01 5.9651e+01 6.0820e+01 5.7561e+01 6.2910e+01
  57.2500 5.8762e+01 5.1631e+01 6.6337e+01 5.2154e+01 6.5848e+01 5.8186e+01 5.9330e+01 5.6145e+01 6.1379e+01
  57.5000 5.7330e+01 5.0378e+01 6.4707e+01 5.0894e+01 6.4227e+01 5.6770e+01 5.7882e+01 5.4762e+01 5.9890e+01
  57.7500 5.5931e+01 4.9157e+01 6.3125e+01 4.9660e+01 6.2655e+01 5.5388e+01 5.6466e+01 5.3429e+01 5.8433e+01
  58.0000 5.4573e+01 4.7971e+01 6.1588e+01 4.8466e+01 6.1124e+01 5.4046e+01 5.5100e+01 5.2121e+01 5.7026e+01
  58.2500 5.3256e+01 4.6814e+01 6.0089e+01 4.7298e+01 5.9635e+01 5.2746e+01 5.3767e+01 5.0861e+01 5.5651e+01
  58.5000 5.1972e+01 4.5694e+01 5.8632e+01 4.6170e+01 5.8186e+01 5.1470e+01 5.2466e+01 4.9627e+01 5.4318e+01
  58.7500 5.0721e+01 4.4603e+01 5.7218e+01 4.5068e+01 5.6779e+01 5.0236e+01 5.1207e+01 4.8434e+01 5.3018e+01
  59.0000 4.9512e+01 4.3539e+01 5.5836e+01 4.3998e+01 5.5404e+01 4.9043e+01 4.9981e+01 4.7265e+01 5.1758e+01
  59.2500 4.8335e+01 4.2510e+01 5.4502e+01 4.2961e+01 5.4079e+01 4.7874e+01 4.8787e+01 4.6137e+01 5.0532e+01
  59.5000 4.7183e+01 4.1500e+01 5.3196e+01 4.1940e+01 5.2779e+01 4.6738e+01 4.7627e+01 4.5035e+01 4.9339e+01
  59.7500 4.6072e+01 4.0526e+01 5.1929e+01 4.0961e+01 5.1520e+01 4.5635e+01 4.6499e+01 4.3965e+01 4.8178e+01
  60.0000 4.4977e+01 3.9573e+01 5.0697e+01 3.9998e+01 5.0294e+01 4.4557e+01 4.5405e+01 4.2919e+01 4.7043e+01
  60.2500 4.3923e+01 3.8650e+01 4.9505e+01 3.9068e+01 4.9108e+01 4.3512e+01 4.4335e+01 4.1907e+01 4.5948e+01
  60.5000 4.2895e+01 3.7743e+01 4.8335e+01 3.8154e+01 4.7948e+01 4.2492e+01 4.3298e+01 4.0920e+01 4.4870e+01
  60.7500 4.1891e+01 3.6870e+01 4.7204e+01 3.7274e+01 4.6821e+01 4.1504e+01 4.2286e+01 3.9957e+01 4.3833e+01
  61.0000 4.0920e+01 3.6014e+01 4.6094e+01 3.6410e+01 4.5718e+01 4.0541e+01 4.1298e+01 3.9027e+01 4.2821e+01
  61.2500 3.9973e+01 3.5179e+01 4.5025e+01 3.5570e+01 4.4656e+01 3.9603e+01 4.0343e+01 3.8113e+01 4.1833e+01
  61.5000 3.9051e+01 3.4369e+01 4.3973e+01 3.4755e+01 4.3611e+01 3.8689e+01 3.9405e+01 3.7224e+01 4.0870e+01
  61.7500 3.8154e+01 3.3579e+01 4.2953e+01 3.3957e+01 4.2599e+01 3.7792e+01 3.8500e+01 3.6368e+01 3.9932e+01
  62.0000 3.7274e+01 3.2813e+01 4.1969e+01 3.3183e+01 4.1619e+01 3.6928e+01 3.7619e+01 3.5529e+01 3.9018e+01
  62.2500 3.6426e+01 3.2059e+01 4.1001e+01 3.2426e+01 4.0656e+01 3.6088e+01 3.6755e+01 3.4706e+01 3.8138e+01
  62.5000 3.5595e+01 3.1332e+01 4.0058e+01 3.1694e+01 3.9718e+01 3.5266e+01 3.5916e+01 3.3908e+01 3.7274e+01
  62.7500 3.4780e+01 3.0624e+01 3.9147e+01 3.0978e+01 3.8813e+01 3.4459e+01 3.5101e+01 3.3134e+01 3.6426e+01
  63.0000 3.3998e+01 2.9928e+01 3.8253e+01 3.0278e+01 3.7924e+01 3.3685e+01 3.4303e+01 3.2377e+01 3.5611e+01
  63.2500 3.3224e+01 2.9262e+01 3.7394e+01 2.9603e+01 3.7068e+01 3.2920e+01 3.3529e+01 3.1644e+01 3.4813e+01
  63.5000 3.2484e+01 2.8606e+01 3.6546e+01 2.8945e+01 3.6228e+01 3.2179e+01 3.2772e+01 3.0928e+01 3.4031e+01
  63.7500 3.1751e+01 2.7963e+01 3.5720e+01 2.8295e+01 3.5406e+01 3.1463e+01 3.2039e+01 3.0229e+01 3.3274e+01
  64.0000 3.1044e+01 2.7341e+01 3.4916e+01 2.7669e+01 3.4607e+01 3.0764e+01 3.1323e+01 2.9546e+01 3.2533e+01
  64.2500 3.0352e+01 2.6731e+01 3.4139e+01 2.7052e+01 3.3834e+01 3.0072e+01 3.0624e+01 2.8887e+01 3.1817e+01
  64.5000 2.9677e+01 2.6141e+01 3.3375e+01 2.6459e+01 3.3076e+01 2.9406e+01 2.9941e+01 2.8237e+01 3.1109e+01
  64.7500 2.9019e+01 2.5564e+01 3.2631e+01 2.5875e+01 3.2336e+01 2.8756e+01 2.9274e+01 2.7612e+01 3.0426e+01
  65.0000 2.8377e+01 2.5001e+01 3.1911e+01 2.5307e+01 3.1620e+01 2.8122e+01 2.8632e+01 2.6994e+01 2.9760e+01
  65.2500 2.7752e+01 2.4456e+01 3.1208e+01 2.4756e+01 3.0920e+01 2.7505e+01 2.7998e+01 2.6402e+01 2.9110e+01
  65.5000 2.7142e+01 2.3918e+01 3.0521e+01 2.4213e+01 3.0237e+01 2.6904e+01 2.7389e+01 2.5817e+01 2.8476e+01
  65.7500 2.6550e+01 2.3395e+01 2.9850e+01 2.3686e+01 2.9570e+01 2.6311e+01 2.6789e+01 2.5250e+01 2.7859e+01
  66.0000 2.5974e+01 2.2887e+01 2.9196e+01 2.3176e+01 2.8920e+01 2.5743e+01 2.6204e+01 2.4690e+01 2.7258e+01
  66.2500 2.5406e+01 2.2393e+01 2.8558e+01 2.2674e+01 2.8287e+01 2.5184e+01 2.5636e+01 2.4155e+01 2.6665e+01
  66.5000 2.4863e+01 2.1905e+01 2.7936e+01 2.2188e+01 2.7669e+01 2.4641e+01 2.5077e+01 2.3620e+01 2.6097e+01
  66.7500 2.4320e+01 2.1436e+01 2.7334e+01 2.1711e+01 2.7069e+01 2.4106e+01 2.4534e+01 2.3110e+01 2.5538e+01
  67.0000 2.3801e+01 2.0976e+01 2.6741e+01 2.1250e+01 2.6484e+01 2.3587e+01 2.4007e+01 2.2608e+01 2.4986e+01
  67.2500 2.3291e+01 2.0522e+01 2.6164e+01 2.0789e+01 2.5908e+01 2.3085e+01 2.3488e+01 2.2122e+01 2.4460e+01
  67.5000 2.2789e+01 2.0090e+01 2.5610e+01 2.0353e+01 2.5357e+01 2.2591e+01 2.2986e+01 2.1645e+01 2.3941e+01
  67.7500 2.2303e+01 1.9656e+01 2.5055e+01 1.9917e+01 2.4805e+01 2.2106e+01 2.2501e+01 2.1176e+01 2.3431e+01
  68.0000 2.1834e+01 1.9239e+01 2.4522e+01 1.9497e+01 2.4279e+01 2.1637e+01 2.2015e+01 2.0723e+01 2.2937e+01
  68.2500 2.1365e+01 1.8833e+01 2.4002e+01 1.9085e+01 2.3760e+01 2.1184e+01 2.1554e+01 2.0279e+01 2.2451e+01
  68.5000 2.0912e+01 1.8436e+01 2.3489e+01 1.8682e+01 2.3250e+01 2.0731e+01 2.1093e+01 1.9851e+01 2.1982e+01
  68.7500 2.0476e+01 1.8047e+01 2.2990e+01 1.8295e+01 2.2756e+01 2.0295e+01 2.0649e+01 1.9423e+01 2.1521e+01
  69.0000 2.0048e+01 1.7664e+01 2.2510e+01 1.7909e+01 2.2279e+01 1.9867e+01 2.0221e+01 1.9011e+01 2.1077e+01
  69.2500 1.9629e+01 1.7296e+01 2.2039e+01 1.7538e+01 2.1809e+01 1.9456e+01 1.9793e+01 1.8608e+01 2.0641e+01
  69.5000 1.9217e+01 1.6940e+01 2.1575e+01 1.7176e+01 2.1349e+01 1.9052e+01 1.9382e+01 1.8221e+01 2.0213e+01
  69.7500 1.8814e+01 1.6588e+01 2.1128e+01 1.6822e+01 2.0904e+01 1.8649e+01 1.8978e+01 1.7834e+01 1.9793e+01
  70.0000 1.8427e+01 1.6246e+01 2.0689e+01 1.6477e+01 2.0468e+01 1.8262e+01 1.8583e+01 1.7464e+01 1.9390e+01
  70.2500 1.8040e+01 1.5908e+01 2.0258e+01 1.6131e+01 2.0040e+01 1.7892e+01 1.8197e+01 1.7102e+01 1.8987e+01
  70.5000 1.7670e+01 1.5578e+01 1.9836e+01 1.5802e+01 1.9620e+01 1.7522e+01 1.7826e+01 1.6740e+01 1.8600e+01
  70.7500 1.7308e+01 1.5260e+01 1.9430e+01 1.5481e+01 1.9217e+01 1.7160e+01 1.7456e+01 1.6394e+01 1.8221e+01
  71.0000 1.6954e+01 1.4942e+01 1.9031e+01 1.5160e+01 1.8822e+01 1.6806e+01 1.7094e+01 1.6057e+01 1.7851e+01
  71.2500 1.6608e+01 1.4637e+01 1.8641e+01 1.4855e+01 1.8435e+01 1.6460e+01 1.6748e+01 1.5719e+01 1.7489e+01
  71.5000 1.6271e+01 1.4337e+01 1.8259e+01 1.4551e+01 1.8057e+01 1.6131e+01 1.6402e+01 1.5398e+01 1.7135e+01
  71.7500 1.5933e+01 1.4055e+01 1.7889e+01 1.4263e+01 1.7686e+01 1.5802e+01 1.6073e+01 1.5086e+01 1.6789e+01
  72.0000 1.5612e+01 1.3767e+01 1.7523e+01 1.3974e+01 1.7324e+01 1.5481e+01 1.5744e+01 1.4773e+01 1.6452e+01
  72.2500 1.5300e+01 1.3480e+01 1.7166e+01 1.3687e+01 1.6970e+01 1.5168e+01 1.5423e+01 1.4468e+01 1.6123e+01
  72.5000 1.4987e+01 1.3216e+01 1.6821e+01 1.3415e+01 1.6625e+01 1.4863e+01 1.5119e+01 1.4180e+01 1.5802e+01
  72.7500 1.4691e+01 1.2952e+01 1.6480e+01 1.3152e+01 1.6287e+01 1.4567e+01 1.4814e+01 1.3892e+01 1.5489e+01
  73.0000 1.4394e+01 1.2689e+01 1.6146e+01 1.2888e+01 1.5958e+01 1.4271e+01 1.4509e+01 1.3604e+01 1.5176e+01
  73.2500 1.4106e+01 1.2430e+01 1.5825e+01 1.2625e+01 1.5637e+01 1.3983e+01 1.4221e+01 1.3333e+01 1.4880e+01
  73.5000 1.3826e+01 1.2184e+01 1.5509e+01 1.2378e+01 1.5324e+01 1.3711e+01 1.3942e+01 1.3061e+01 1.4584e+01
  73.7500 1.3547e+01 1.1945e+01 1.5203e+01 1.2131e+01 1.5020e+01 1.3431e+01 1.3662e+01 1.2806e+01 1.4296e+01
  74.0000 1.3283e+01 1.1703e+01 1.4903e+01 1.1892e+01 1.4723e+01 1.3168e+01 1.3390e+01 1.2543e+01 1.4016e+01
  74.2500 1.3020e+01 1.1477e+01 1.4606e+01 1.1662e+01 1.4427e+01 1.2913e+01 1.3127e+01 1.2296e+01 1.3744e+01
  74.5000 1.2765e+01 1.1248e+01 1.4314e+01 1.1431e+01 1.4139e+01 1.2658e+01 1.2864e+01 1.2049e+01 1.3473e+01
  74.7500 1.2510e+01 1.1029e+01 1.4034e+01 1.1209e+01 1.3859e+01 1.2403e+01 1.2617e+01 1.1810e+01 1.3209e+01
  75.0000 1.2263e+01 1.0812e+01 1.3761e+01 1.0987e+01 1.3588e+01 1.2164e+01 1.2370e+01 1.1580e+01 1.2954e+01
  75.2500 1.2024e+01 1.0599e+01 1.3496e+01 1.0773e+01 1.3324e+01 1.1925e+01 1.2123e+01 1.1349e+01 1.2707e+01
  75.5000 1.1794e+01 1.0394e+01 1.3228e+01 1.0567e+01 1.3061e+01 1.1695e+01 1.1884e+01 1.1127e+01 1.2460e+01
  75.7500 1.1563e+01 1.0189e+01 1.2972e+01 1.0362e+01 1.2806e+01 1.1464e+01 1.1654e+01 1.0905e+01 1.2221e+01
  76.0000 1.1341e+01 9.9928e+00 1.2721e+01 1.0164e+01 1.2559e+01 1.1242e+01 1.1431e+01 1.0691e+01 1.1983e+01
  76.2500 1.1119e+01 9.8006e+00 1.2473e+01 9.9665e+00 1.2312e+01 1.1028e+01 1.1209e+01 1.0485e+01 1.1752e+01
  76.5000 1.0905e+01 9.6122e+00 1.2233e+01 9.7772e+00 1.2073e+01 1.0814e+01 1.0995e+01 1.0279e+01 1.1530e+01
  76.7500 1.0691e+01 9.4243e+00 1.1994e+01 9.5879e+00 1.1835e+01 1.0608e+01 1.0781e+01 1.0073e+01 1.1308e+01
  77.0000 1.0485e+01 9.2481e+00 1.1770e+01 9.4069e+00 1.1613e+01 1.0403e+01 1.0575e+01 9.8842e+00 1.1094e+01
  77.2500 1.0287e+01 9.0649e+00 1.1546e+01 9.2258e+00 1.1390e+01 1.0205e+01 1.0370e+01 9.6867e+00 1.0888e+01
  77.5000 1.0090e+01 8.8968e+00 1.1323e+01 9.0530e+00 1.1168e+01 1.0008e+01 1.0172e+01 9.5056e+00 1.0682e+01
  77.7500 9.9007e+00 8.7218e+00 1.1104e+01 8.8802e+00 1.0954e+01 9.8184e+00 9.9830e+00 9.3164e+00 1.0477e+01
  78.0000 9.7114e+00 8.5549e+00 1.0897e+01 8.7073e+00 1.0748e+01 9.6291e+00 9.7937e+00 9.1435e+00 1.0279e+01
  78.2500 9.5303e+00 8.3953e+00 1.0689e+01 8.5510e+00 1.0543e+01 9.4480e+00 9.6044e+00 8.9625e+00 1.0090e+01
  78.5000 9.3493e+00 8.2325e+00 1.0483e+01 8.3864e+00 1.0337e+01 9.2670e+00 9.4233e+00 8.7896e+00 9.9007e+00
  78.7500 9.1682e+00 8.0809e+00 1.0295e+01 8.2292e+00 1.0148e+01 9.0942e+00 9.2423e+00 8.6250e+00 9.7196e+00
  79.0000 8.9954e+00 7.9290e+00 1.0096e+01 8.0753e+00 9.9501e+00 8.9296e+00 9.0695e+00 8.4604e+00 9.5386e+00
  79.2500 8.8308e+00 7.7794e+00 9.9093e+00 7.9238e+00 9.7690e+00 8.7567e+00 8.9049e+00 8.3041e+00 9.3575e+00
  79.5000 8.6662e+00 7.6310e+00 9.7187e+00 7.7757e+00 9.5797e+00 8.5921e+00 8.7320e+00 8.1436e+00 9.1847e+00
  79.7500 8.5016e+00 7.4894e+00 9.5404e+00 7.6309e+00 9.3987e+00 8.4358e+00 8.5757e+00 7.9897e+00 9.0201e+00
  80.0000 8.3452e+00 7.3487e+00 9.3651e+00 7.4893e+00 9.2258e+00 8.2794e+00 8.4111e+00 7.8391e+00 8.8555e+00
  80.2500 8.1913e+00 7.2108e+00 9.1894e+00 7.3502e+00 9.0530e+00 8.1247e+00 8.2547e+00 7.6918e+00 8.6909e+00
  80.5000 8.0391e+00 7.0769e+00 9.0244e+00 7.2144e+00 8.8884e+00 7.9741e+00 8.1033e+00 7.5477e+00 8.5345e+00
  80.7500 7.8909e+00 6.9453e+00 8.8579e+00 7.0811e+00 8.7238e+00 7.8267e+00 7.9543e+00 7.4070e+00 8.3781e+00
  81.0000 7.7461e+00 6.8159e+00 8.6910e+00 6.9502e+00 8.5592e+00 7.6827e+00 7.8078e+00 7.2687e+00 8.2234e+00
  81.2500 7.6037e+00 6.6897e+00 8.5331e+00 6.8227e+00 8.4028e+00 7.5420e+00 7.6638e+00 7.1329e+00 8.0745e+00
  81.5000 7.4646e+00 6.5660e+00 8.3754e+00 6.6976e+00 8.2465e+00 7.4037e+00 7.5239e+00 7.0004e+00 7.9280e+00
  81.7500 7.3280e+00 6.4460e+00 8.2226e+00 6.5758e+00 8.0950e+00 7.2687e+00 7.3864e+00 6.8712e+00 7.7848e+00
  82.0000 7.1947e+00 6.3269e+00 8.0731e+00 6.4556e+00 7.9469e+00 7.1362e+00 7.2515e+00 6.7437e+00 7.6448e+00
  82.2500 7.0638e+00 6.2108e+00 7.9262e+00 6.3379e+00 7.8012e+00 7.0070e+00 7.1198e+00 6.6194e+00 7.5074e+00
  82.5000 6.9354e+00 6.0978e+00 7.7835e+00 6.2235e+00 7.6597e+00 6.8795e+00 6.9906e+00 6.4976e+00 7.3733e+00
  82.7500 6.8103e+00 5.9867e+00 7.6423e+00 6.1108e+00 7.5198e+00 6.7552e+00 6.8638e+00 6.3791e+00 7.2416e+00
  83.0000 6.6877e+00 5.8776e+00 7.5049e+00 6.0005e+00 7.3840e+00 6.6334e+00 6.7404e+00 6.2622e+00 7.1124e+00
  83.2500 6.5667e+00 5.7707e+00 7.3704e+00 5.8919e+00 7.2506e+00 6.5140e+00 6.6186e+00 6.1478e+00 6.9856e+00
  83.5000 6.4490e+00 5.6665e+00 7.2384e+00 5.7865e+00 7.1198e+00 6.3972e+00 6.5000e+00 6.0359e+00 6.8622e+00
  83.7500 6.3338e+00 5.5642e+00 7.1089e+00 5.6828e+00 6.9914e+00 6.2828e+00 6.3832e+00 5.9264e+00 6.7412e+00
  84.0000 6.2202e+00 5.4635e+00 6.9826e+00 5.5808e+00 6.8663e+00 6.1708e+00 6.2696e+00 5.8186e+00 6.6219e+00
  84.2500 6.1091e+00 5.3652e+00 6.8583e+00 5.4812e+00 6.7428e+00 6.0606e+00 6.1577e+00 5.7133e+00 6.5058e+00
  84.5000 6.0013e+00 5.2691e+00 6.7365e+00 5.3841e+00 6.6227e+00 5.9528e+00 6.0482e+00 5.6104e+00 6.3914e+00
  84.7500 5.8943e+00 5.1750e+00 6.6178e+00 5.2886e+00 6.5050e+00 5.8474e+00 5.9404e+00 5.5092e+00 6.2795e+00
  85.0000 5.7898e+00 5.0826e+00 6.5009e+00 5.1948e+00 6.3890e+00 5.7437e+00 5.8359e+00 5.4104e+00 6.1700e+00
  85.2500 5.6878e+00 4.9923e+00 6.3860e+00 5.1034e+00 6.2754e+00 5.6425e+00 5.7322e+00 5.3133e+00 6.0622e+00
  85.5000 5.5873e+00 4.9033e+00 6.2744e+00 5.0129e+00 6.1643e+00 5.5429e+00 5.6318e+00 5.2186e+00 5.9577e+00
  85.7500 5.4894e+00 4.8164e+00 6.1642e+00 4.9248e+00 6.0556e+00 5.4458e+00 5.5322e+00 5.1256e+00 5.8540e+00
  86.0000 5.3931e+00 4.7311e+00 6.0562e+00 4.8384e+00 5.9486e+00 5.3503e+00 5.4351e+00 5.0343e+00 5.7528e+00
  86.2500 5.2993e+00 4.6478e+00 5.9507e+00 4.7545e+00 5.8441e+00 5.2573e+00 5.3404e+00 4.9446e+00 5.6540e+00
  86.5000 5.2071e+00 4.5659e+00 5.8471e+00 4.6714e+00 5.7421e+00 5.1651e+00 5.2474e+00 4.8574e+00 5.5561e+00
  86.7500 5.1166e+00 4.4852e+00 5.7460e+00 4.5899e+00 5.6417e+00 5.0754e+00 5.1561e+00 4.7709e+00 5.4614e+00
  87.0000 5.0277e+00 4.4067e+00 5.6461e+00 4.5100e+00 5.5429e+00 4.9874e+00 5.0664e+00 4.6870e+00 5.3676e+00
  87.2500 4.9405e+00 4.3297e+00 5.5490e+00 4.4318e+00 5.4466e+00 4.9010e+00 4.9783e+00 4.6047e+00 5.2763e+00
  87.5000 4.8549e+00 4.2544e+00 5.4537e+00 4.3553e+00 5.3520e+00 4.8162e+00 4.8927e+00 4.5240e+00 5.1866e+00
  87.7500 4.7717e+00 4.1800e+00 5.3590e+00 4.2804e+00 5.2590e+00 4.7339e+00 4.8080e+00 4.4442e+00 5.0977e+00
  88.0000 4.6894e+00 4.1074e+00 5.2676e+00 4.2063e+00 5.1684e+00 4.6524e+00 4.7257e+00 4.3668e+00 5.0113e+00
  88.2500 4.6088e+00 4.0370e+00 5.1778e+00 4.1348e+00 5.0796e+00 4.5726e+00 4.6442e+00 4.2911e+00 4.9265e+00
  88.5000 4.5298e+00 3.9672e+00 5.0897e+00 4.0640e+00 4.9923e+00 4.4944e+00 4.5644e+00 4.2162e+00 4.8434e+00
  88.7500 4.4524e+00 3.8982e+00 5.0032e+00 3.9940e+00 4.9067e+00 4.4170e+00 4.4870e+00 4.1430e+00 4.7619e+00
  89.0000 4.3767e+00 3.8310e+00 4.9177e+00 3.9257e+00 4.8220e+00 4.3422e+00 4.4105e+00 4.0714e+00 4.6821e+00
  89.2500 4.3026e+00 3.7649e+00 4.8344e+00 3.8590e+00 4.7397e+00 4.2689e+00 4.3356e+00 4.0006e+00 4.6039e+00
  89.5000 4.2294e+00 3.7008e+00 4.7527e+00 3.7940e+00 4.6590e+00 4.1965e+00 4.2615e+00 3.9315e+00 4.5265e+00
  89.7500 4.1578e+00 3.6370e+00 4.6727e+00 3.7290e+00 4.5800e+00 4.1249e+00 4.1899e+00 3.8640e+00 4.4508e+00
  90.0000 4.0878e+00 3.5755e+00 4.5947e+00 3.6665e+00 4.5026e+00 4.0557e+00 4.1183e+00 3.7981e+00 4.3775e+00
  90.2500 4.0187e+00 3.5143e+00 4.5171e+00 3.6047e+00 4.4261e+00 3.9874e+00 4.0492e+00 3.7323e+00 4.3043e+00
  90.5000 3.9512e+00 3.4546e+00 4.4417e+00 3.5438e+00 4.3512e+00 3.9200e+00 3.9809e+00 3.6689e+00 4.2335e+00
  90.7500 3.8846e+00 3.3965e+00 4.3678e+00 3.4846e+00 4.2779e+00 3.8549e+00 3.9142e+00 3.6064e+00 4.1636e+00
  91.0000 3.8195e+00 3.3387e+00 4.2950e+00 3.4261e+00 4.2063e+00 3.7899e+00 3.8492e+00 3.5447e+00 4.0944e+00
  91.2500 3.7562e+00 3.2819e+00 4.2232e+00 3.3685e+00 4.1356e+00 3.7265e+00 3.7850e+00 3.4846e+00 4.0269e+00
  91.5000 3.6936e+00 3.2267e+00 4.1533e+00 3.3126e+00 4.0664e+00 3.6648e+00 3.7216e+00 3.4253e+00 3.9611e+00
  91.7500 3.6319e+00 3.1728e+00 4.0843e+00 3.2574e+00 3.9981e+00 3.6039e+00 3.6599e+00 3.3677e+00 3.8961e+00
  92.0000 3.5718e+00 3.1193e+00 4.0176e+00 3.2031e+00 3.9323e+00 3.5438e+00 3.5990e+00 3.3109e+00 3.8327e+00
  92.2500 3.5126e+00 3.0673e+00 3.9511e+00 3.1504e+00 3.8664e+00 3.4854e+00 3.5397e+00 3.2550e+00 3.7702e+00
  92.5000 3.4550e+00 3.0163e+00 3.8862e+00 3.0986e+00 3.8023e+00 3.4278e+00 3.4805e+00 3.2006e+00 3.7093e+00
  92.7500 3.3973e+00 2.9665e+00 3.8232e+00 3.0476e+00 3.7397e+00 3.3718e+00 3.4237e+00 3.1471e+00 3.6492e+00
  93.0000 3.3422e+00 2.9168e+00 3.7602e+00 2.9974e+00 3.6780e+00 3.3159e+00 3.3669e+00 3.0945e+00 3.5899e+00
  93.2500 3.2871e+00 2.8683e+00 3.6985e+00 2.9480e+00 3.6171e+00 3.2616e+00 3.3117e+00 3.0426e+00 3.5315e+00
  93.5000 3.2336e+00 2.8203e+00 3.6384e+00 2.8994e+00 3.5578e+00 3.2089e+00 3.2574e+00 2.9916e+00 3.4747e+00
  93.7500 3.1809e+00 2.7742e+00 3.5791e+00 2.8525e+00 3.4994e+00 3.1562e+00 3.2048e+00 2.9422e+00 3.4187e+00
  94.0000 3.1290e+00 2.7278e+00 3.5211e+00 2.8056e+00 3.4418e+00 3.1044e+00 3.1521e+00 2.8928e+00 3.3644e+00
  94.2500 3.0780e+00 2.6834e+00 3.4642e+00 2.7603e+00 3.3858e+00 3.0541e+00 3.1011e+00 2.8451e+00 3.3101e+00
  94.5000 3.0278e+00 2.6392e+00 3.4086e+00 2.7151e+00 3.3307e+00 3.0048e+00 3.0509e+00 2.7982e+00 3.2574e+00
  94.7500 2.9784e+00 2.5964e+00 3.3538e+00 2.6715e+00 3.2764e+00 2.9562e+00 3.0015e+00 2.7521e+00 3.2056e+00
  95.0000 2.9307e+00 2.5534e+00 3.3001e+00 2.6278e+00 3.2237e+00 2.9085e+00 2.9529e+00 2.7069e+00 3.1546e+00
  95.2500 2.8838e+00 2.5120e+00 3.2466e+00 2.5859e+00 3.1710e+00 2.8616e+00 2.9052e+00 2.6624e+00 3.1044e+00
  95.5000 2.8369e+00 2.4710e+00 3.1954e+00 2.5439e+00 3.1200e+00 2.8155e+00 2.8583e+00 2.6188e+00 3.0558e+00
  95.7500 2.7916e+00 2.4312e+00 3.1442e+00 2.5036e+00 3.0698e+00 2.7702e+00 2.8122e+00 2.5760e+00 3.0072e+00
  96.0000 2.7472e+00 2.3915e+00 3.0938e+00 2.4632e+00 3.0204e+00 2.7258e+00 2.7677e+00 2.5340e+00 2.9595e+00
  96.2500 2.7027e+00 2.3530e+00 3.0451e+00 2.4237e+00 2.9718e+00 2.6822e+00 2.7233e+00 2.4929e+00 2.9134e+00
  96.5000 2.6599e+00 2.3145e+00 2.9964e+00 2.3851e+00 2.9241e+00 2.6394e+00 2.6797e+00 2.4517e+00 2.8673e+00
  96.7500 2.6171e+00 2.2776e+00 2.9493e+00 2.3472e+00 2.8772e+00 2.5974e+00 2.6369e+00 2.4122e+00 2.8229e+00
  97.0000 2.5760e+00 2.2406e+00 2.9022e+00 2.3093e+00 2.8311e+00 2.5562e+00 2.5949e+00 2.3735e+00 2.7784e+00
  97.2500 2.5348e+00 2.2049e+00 2.8575e+00 2.2731e+00 2.7867e+00 2.5159e+00 2.5538e+00 2.3348e+00 2.7357e+00
  97.5000 2.4945e+00 2.1693e+00 2.8124e+00 2.2369e+00 2.7422e+00 2.4756e+00 2.5134e+00 2.2970e+00 2.6929e+00
  97.7500 2.4558e+00 2.1343e+00 2.7678e+00 2.2015e+00 2.6986e+00 2.4369e+00 2.4739e+00 2.2600e+00 2.6509e+00
  98.0000 2.4171e+00 2.1004e+00 2.7243e+00 2.1670e+00 2.6558e+00 2.3982e+00 2.4344e+00 2.2237e+00 2.6097e+00
  98.2500 2.3785e+00 2.0670e+00 2.6821e+00 2.1324e+00 2.6139e+00 2.3612e+00 2.3966e+00 2.1884e+00 2.5694e+00
  98.5000 2.3414e+00 2.0342e+00 2.6403e+00 2.0995e+00 2.5727e+00 2.3241e+00 2.3587e+00 2.1530e+00 2.5299e+00
  98.7500 2.3044e+00 2.0025e+00 2.5996e+00 2.0665e+00 2.5324e+00 2.2871e+00 2.3217e+00 2.1192e+00 2.4912e+00
  99.0000 2.2690e+00 1.9700e+00 2.5590e+00 2.0336e+00 2.4929e+00 2.2517e+00 2.2855e+00 2.0855e+00 2.4525e+00
  99.2500 2.2336e+00 1.9389e+00 2.5188e+00 2.0024e+00 2.4534e+00 2.2163e+00 2.2501e+00 2.0517e+00 2.4147e+00
  99.5000 2.1991e+00 1.9084e+00 2.4801e+00 1.9711e+00 2.4155e+00 2.1818e+00 2.2147e+00 2.0196e+00 2.3777e+00
  99.7500 2.1645e+00 1.8787e+00 2.4420e+00 1.9406e+00 2.3777e+00 2.1480e+00 2.1810e+00 1.9875e+00 2.3414e+00
 100.0000 2.1307e+00 1.8491e+00 2.4046e+00 1.9102e+00 2.3406e+00 2.1151e+00 2.1464e+00 1.9563e+00 2.3060e+00
 100.2500 2.0978e+00 1.8198e+00 2.3676e+00 1.8805e+00 2.3044e+00 2.0822e+00 2.1135e+00 1.9250e+00 2.2707e+00
 100.5000 2.0657e+00 1.7913e+00 2.3319e+00 1.8518e+00 2.2690e+00 2.0501e+00 2.0805e+00 1.8945e+00 2.2369e+00
 100.7500 2.0336e+00 1.7633e+00 2.2958e+00 1.8229e+00 2.2336e+00 2.0188e+00 2.0493e+00 1.8649e+00 2.2024e+00
 101.0000 2.0024e+00 1.7356e+00 2.2609e+00 1.7950e+00 2.1991e+00 1.9875e+00 2.0172e+00 1.8353e+00 2.1694e+00
 101.2500 1.9719e+00 1.7088e+00 2.2263e+00 1.7678e+00 2.1653e+00 1.9571e+00 1.9867e+00 1.8065e+00 2.1365e+00
 101.5000 1.9415e+00 1.6824e+00 2.1929e+00 1.7406e+00 2.1324e+00 1.9266e+00 1.9563e+00 1.7785e+00 2.1044e+00
 101.7500 1.9118e+00 1.6558e+00 2.1597e+00 1.7135e+00 2.0995e+00 1.8978e+00 1.9258e+00 1.7505e+00 2.0731e+00
 102.0000 1.8830e+00 1.6306e+00 2.1268e+00 1.6880e+00 2.0674e+00 1.8690e+00 1.8970e+00 1.7234e+00 2.0419e+00
 102.2500 1.8542e+00 1.6052e+00 2.0944e+00 1.6616e+00 2.0353e+00 1.8402e+00 1.8674e+00 1.6970e+00 2.0114e+00
 102.5000 1.8262e+00 1.5808e+00 2.0634e+00 1.6370e+00 2.0048e+00 1.8123e+00 1.8394e+00 1.6707e+00 1.9818e+00
 102.7500 1.7982e+00 1.5558e+00 2.0325e+00 1.6114e+00 1.9744e+00 1.7851e+00 1.8114e+00 1.6443e+00 1.9522e+00
 103.0000 1.7711e+00 1.5323e+00 2.0013e+00 1.5876e+00 1.9439e+00 1.7579e+00 1.7843e+00 1.6188e+00 1.9225e+00
 103.2500 1.7448e+00 1.5089e+00 1.9713e+00 1.5637e+00 1.9143e+00 1.7316e+00 1.7571e+00 1.5941e+00 1.8945e+00
 103.5000 1.7184e+00 1.4855e+00 1.9420e+00 1.5398e+00 1.8855e+00 1.7053e+00 1.7308e+00 1.5695e+00 1.8666e+00
 103.7500 1.6921e+00 1.4633e+00 1.9134e+00 1.5168e+00 1.8575e+00 1.6797e+00 1.7044e+00 1.5456e+00 1.8386e+00
 104.0000 1.6666e+00 1.4407e+00 1.8850e+00 1.4937e+00 1.8295e+00 1.6542e+00 1.6789e+00 1.5217e+00 1.8114e+00
 104.2500 1.6419e+00 1.4190e+00 1.8567e+00 1.4715e+00 1.8015e+00 1.6295e+00 1.6534e+00 1.4987e+00 1.7851e+00
 104.5000 1.6172e+00 1.3972e+00 1.8290e+00 1.4493e+00 1.7744e+00 1.6048e+00 1.6287e+00 1.4756e+00 1.7588e+00
 104.7500 1.5933e+00 1.3763e+00 1.8022e+00 1.4279e+00 1.7481e+00 1.5810e+00 1.6048e+00 1.4534e+00 1.7332e+00
 105.0000 1.5695e+00 1.3554e+00 1.7755e+00 1.4065e+00 1.7217e+00 1.5579e+00 1.5810e+00 1.4312e+00 1.7077e+00
 105.2500 1.5464e+00 1.3342e+00 1.7494e+00 1.3851e+00 1.6962e+00 1.5349e+00 1.5571e+00 1.4090e+00 1.6830e+00
 105.5000 1.5234e+00 1.3141e+00 1.7235e+00 1.3645e+00 1.6707e+00 1.5118e+00 1.5341e+00 1.3876e+00 1.6583e+00
 105.7500 1.5003e+00 1.2952e+00 1.6987e+00 1.3448e+00 1.6460e+00 1.4896e+00 1.5118e+00 1.3670e+00 1.6345e+00
 106.0000 1.4781e+00 1.2759e+00 1.6735e+00 1.3250e+00 1.6213e+00 1.4674e+00 1.4888e+00 1.3464e+00 1.6106e+00
 106.2500 1.4567e+00 1.2563e+00 1.6486e+00 1.3053e+00 1.5974e+00 1.4460e+00 1.4674e+00 1.3258e+00 1.5867e+00
 106.5000 1.4353e+00 1.2372e+00 1.6254e+00 1.2855e+00 1.5744e+00 1.4246e+00 1.4452e+00 1.3061e+00 1.5645e+00
 106.7500 1.4139e+00 1.2188e+00 1.6011e+00 1.2666e+00 1.5505e+00 1.4032e+00 1.4246e+00 1.2864e+00 1.5415e+00
 107.0000 1.3933e+00 1.2006e+00 1.5782e+00 1.2485e+00 1.5283e+00 1.3826e+00 1.4032e+00 1.2666e+00 1.5193e+00
 107.2500 1.3728e+00 1.1830e+00 1.5553e+00 1.2304e+00 1.5053e+00 1.3629e+00 1.3826e+00 1.2477e+00 1.4979e+00
 107.5000 1.3530e+00 1.1655e+00 1.5326e+00 1.2123e+00 1.4830e+00 1.3431e+00 1.3629e+00 1.2296e+00 1.4765e+00
 107.7500 1.3333e+00 1.1476e+00 1.5105e+00 1.1942e+00 1.4617e+00 1.3234e+00 1.3423e+00 1.2106e+00 1.4551e+00
 108.0000 1.3135e+00 1.1308e+00 1.4890e+00 1.1769e+00 1.4403e+00 1.3036e+00 1.3234e+00 1.1925e+00 1.4345e+00
 108.2500 1.2946e+00 1.1141e+00 1.4677e+00 1.1596e+00 1.4197e+00 1.2847e+00 1.3036e+00 1.1752e+00 1.4139e+00
 108.5000 1.2756e+00 1.0982e+00 1.4459e+00 1.1431e+00 1.3983e+00 1.2666e+00 1.2847e+00 1.1580e+00 1.3933e+00
 108.7500 1.2575e+00 1.0818e+00 1.4254e+00 1.1267e+00 1.3785e+00 1.2477e+00 1.2666e+00 1.1407e+00 1.3736e+00
 109.0000 1.2394e+00 1.0655e+00 1.4049e+00 1.1102e+00 1.3579e+00 1.2296e+00 1.2477e+00 1.1234e+00 1.3547e+00
 109.2500 1.2213e+00 1.0498e+00 1.3851e+00 1.0938e+00 1.3390e+00 1.2123e+00 1.2304e+00 1.1069e+00 1.3349e+00
 109.5000 1.2032e+00 1.0346e+00 1.3653e+00 1.0781e+00 1.3193e+00 1.1950e+00 1.2123e+00 1.0905e+00 1.3160e+00
 109.7500 1.1859e+00 1.0197e+00 1.3462e+00 1.0625e+00 1.3003e+00 1.1777e+00 1.1950e+00 1.0748e+00 1.2979e+00
 110.0000 1.1695e+00 1.0049e+00 1.3268e+00 1.0477e+00 1.2814e+00 1.1604e+00 1.1777e+00 1.0592e+00 1.2798e+00
 110.2500 1.1522e+00 9.9000e-01 1.3084e+00 1.0320e+00 1.2633e+00 1.1440e+00 1.1604e+00 1.0436e+00 1.2617e+00
 110.5000 1.1357e+00 9.7532e-01 1.2896e+00 1.0172e+00 1.2452e+00 1.1275e+00 1.1440e+00 1.0279e+00 1.2435e+00
 110.7500 1.1201e+00 9.6145e-01 1.2711e+00 1.0032e+00 1.2271e+00 1.1119e+00 1.1283e+00 1.0131e+00 1.2263e+00
 111.0000 1.1036e+00 9.4731e-01 1.2534e+00 9.8842e-01 1.2098e+00 1.0954e+00 1.1119e+00 9.9830e-01 1.2090e+00
 111.2500 1.0880e+00 9.3348e-01 1.2361e+00 9.7443e-01 1.1925e+00 1.0806e+00 1.0962e+00 9.8349e-01 1.1925e+00
 111.5000 1.0724e+00 9.2016e-01 1.2187e+00 9.6044e-01 1.1752e+00 1.0650e+00 1.0806e+00 9.6949e-01 1.1761e+00
 111.7500 1.0575e+00 9.0712e-01 1.2015e+00 9.4727e-01 1.1588e+00 1.0501e+00 1.0650e+00 9.5550e-01 1.1596e+00
 112.0000 1.0427e+00 8.9407e-01 1.1843e+00 9.3411e-01 1.1423e+00 1.0353e+00 1.0501e+00 9.4151e-01 1.1431e+00
 112.2500 1.0279e+00 8.8158e-01 1.1678e+00 9.2094e-01 1.1259e+00 1.0205e+00 1.0353e+00 9.2834e-01 1.1275e+00
 112.5000 1.0131e+00 8.6853e-01 1.1518e+00 9.0777e-01 1.1102e+00 1.0057e+00 1.0205e+00 9.1435e-01 1.1119e+00
 112.7500 9.9912e-01 8.5570e-01 1.1361e+00 8.9460e-01 1.0946e+00 9.9172e-01 1.0065e+00 9.0119e-01 1.0971e+00
 113.0000 9.8513e-01 8.4403e-01 1.1198e+00 8.8226e-01 1.0790e+00 9.7772e-01 9.9254e-01 8.8884e-01 1.0814e+00
 113.2500 9.7114e-01 8.3184e-01 1.1046e+00 8.6991e-01 1.0641e+00 9.6456e-01 9.7855e-01 8.7567e-01 1.0666e+00
 113.5000 9.5797e-01 8.1979e-01 1.0891e+00 8.5757e-01 1.0493e+00 9.5056e-01 9.6456e-01 8.6333e-01 1.0518e+00
 113.7500 9.4398e-01 8.0817e-01 1.0746e+00 8.4522e-01 1.0345e+00 9.3740e-01 9.5139e-01 8.5098e-01 1.0378e+00
 114.0000 9.3081e-01 7.9676e-01 1.0597e+00 8.3370e-01 1.0197e+00 9.2423e-01 9.3822e-01 8.3864e-01 1.0238e+00
 114.2500 9.1847e-01 7.8553e-01 1.0450e+00 8.2218e-01 1.0057e+00 9.1106e-01 9.2505e-01 8.2712e-01 1.0098e+00
 114.5000 9.0530e-01 7.7434e-01 1.0306e+00 8.1074e-01 9.9172e-01 8.9872e-01 9.1188e-01 8.1494e-01 9.9583e-01
 114.7500 8.9296e-01 7.6333e-01 1.0166e+00 7.9954e-01 9.7772e-01 8.8637e-01 8.9954e-01 8.0333e-01 9.8266e-01
 115.0000 8.8061e-01 7.5256e-01 1.0019e+00 7.8843e-01 9.6373e-01 8.7403e-01 8.8719e-01 7.9197e-01 9.6867e-01
 115.2500 8.6827e-01 7.4196e-01 9.8898e-01 7.7749e-01 9.5056e-01 8.6168e-01 8.7485e-01 7.8070e-01 9.5633e-01
 115.5000 8.5592e-01 7.3176e-01 9.7547e-01 7.6679e-01 9.3740e-01 8.5016e-01 8.6250e-01 7.6967e-01 9.4316e-01
 115.7500 8.4440e-01 7.2134e-01 9.6163e-01 7.5617e-01 9.2423e-01 8.3864e-01 8.5098e-01 7.5881e-01 9.2999e-01
 116.0000 8.3288e-01 7.1122e-01 9.4890e-01 7.4580e-01 9.1188e-01 8.2712e-01 8.3864e-01 7.4811e-01 9.1765e-01
 116.2500 8.2144e-01 7.0123e-01 9.3618e-01 7.3551e-01 8.9954e-01 8.1551e-01 8.2712e-01 7.3757e-01 9.0530e-01
 116.5000 8.1024e-01 6.9137e-01 9.2337e-01 7.2539e-01 8.8719e-01 8.0432e-01 8.1609e-01 7.2720e-01 8.9296e-01
 116.7500 7.9913e-01 6.8172e-01 9.1112e-01 7.1543e-01 8.7485e-01 7.9337e-01 8.0498e-01 7.1700e-01 8.8143e-01
 117.0000 7.8819e-01 6.7224e-01 8.9880e-01 7.0564e-01 8.6250e-01 7.8251e-01 7.9395e-01 7.0696e-01 8.6991e-01
 117.2500 7.7741e-01 6.6291e-01 8.8637e-01 6.9601e-01 8.5098e-01 7.7181e-01 7.8317e-01 6.9708e-01 8.5757e-01
 117.5000 7.6687e-01 6.5366e-01 8.7504e-01 6.8655e-01 8.3946e-01 7.6136e-01 7.7247e-01 6.8729e-01 8.4687e-01
 117.7500 7.5642e-01 6.4467e-01 8.6307e-01 6.7725e-01 8.2794e-01 7.5099e-01 7.6193e-01 6.7774e-01 8.3535e-01
 118.0000 7.4613e-01 6.3572e-01 8.5126e-01 6.6803e-01 8.1675e-01 7.4078e-01 7.5165e-01 6.6828e-01 8.2382e-01
 118.2500 7.3601e-01 6.2694e-01 8.4011e-01 6.5898e-01 8.0563e-01 7.3074e-01 7.4144e-01 6.5898e-01 8.1321e-01
 118.5000 7.2613e-01 6.1829e-01 8.2884e-01 6.5009e-01 7.9469e-01 7.2087e-01 7.3140e-01 6.4984e-01 8.0243e-01
 118.7500 7.1634e-01 6.0977e-01 8.1777e-01 6.4128e-01 7.8391e-01 7.1115e-01 7.2152e-01 6.4087e-01 7.9181e-01
 119.0000 7.0663e-01 6.0140e-01 8.0696e-01 6.3264e-01 7.7329e-01 7.0152e-01 7.1181e-01 6.3198e-01 7.8144e-01
 119.2500 6.9716e-01 5.9310e-01 7.9623e-01 6.2408e-01 7.6284e-01 6.9214e-01 7.0227e-01 6.2326e-01 7.7115e-01
 119.5000 6.8778e-01 5.8500e-01 7.8569e-01 6.1569e-01 7.5255e-01 6.8284e-01 6.9280e-01 6.1470e-01 7.6103e-01
 119.7500 6.7856e-01 5.7695e-01 7.7525e-01 6.0737e-01 7.4243e-01 6.7362e-01 6.8350e-01 6.0622e-01 7.5099e-01
 120.0000 6.6951e-01 5.6906e-01 7.6509e-01 5.9923e-01 7.3255e-01 6.6465e-01 6.7437e-01 5.9791e-01 7.4119e-01
 120.2500 6.6054e-01 5.6131e-01 7.5503e-01 5.9124e-01 7.2276e-01 6.5577e-01 6.6539e-01 5.8968e-01 7.3148e-01
 120.5000 6.5173e-01 5.5367e-01 7.4506e-01 5.8334e-01 7.1305e-01 6.4704e-01 6.5651e-01 5.8161e-01 7.2194e-01
 120.7500 6.4301e-01 5.4611e-01 7.3530e-01 5.7552e-01 7.0350e-01 6.3840e-01 6.4778e-01 5.7363e-01 7.1255e-01
 121.0000 6.3445e-01 5.3872e-01 7.2564e-01 5.6787e-01 6.9412e-01 6.2992e-01 6.3914e-01 5.6581e-01 7.0325e-01
 121.2500 6.2606e-01 5.3148e-01 7.1615e-01 5.6038e-01 6.8490e-01 6.2153e-01 6.3067e-01 5.5816e-01 6.9412e-01
 121.5000 6.1774e-01 5.2422e-01 7.0680e-01 5.5289e-01 6.7576e-01 6.1330e-01 6.2227e-01 5.5051e-01 6.8515e-01
 121.7500 6.0968e-01 5.1708e-01 6.9751e-01 5.4557e-01 6.6680e-01 6.0523e-01 6.1404e-01 5.4302e-01 6.7626e-01
 122.0000 6.0153e-01 5.1016e-01 6.8850e-01 5.3832e-01 6.5799e-01 5.9725e-01 6.0597e-01 5.3569e-01 6.6753e-01
 122.2500 5.9363e-01 5.0324e-01 6.7950e-01 5.3125e-01 6.4926e-01 5.8935e-01 5.9799e-01 5.2837e-01 6.5889e-01
 122.5000 5.8581e-01 4.9653e-01 6.7070e-01 5.2425e-01 6.4070e-01 5.8161e-01 5.9009e-01 5.2129e-01 6.5042e-01
 122.7500 5.7808e-01 4.8984e-01 6.6198e-01 5.1734e-01 6.3223e-01 5.7396e-01 5.8235e-01 5.1421e-01 6.4202e-01
 123.0000 5.7050e-01 4.8326e-01 6.5342e-01 5.1051e-01 6.2392e-01 5.6639e-01 5.7470e-01 5.0730e-01 6.3379e-01
 123.2500 5.6301e-01 4.7682e-01 6.4495e-01 5.0384e-01 6.1569e-01 5.5898e-01 5.6713e-01 5.0047e-01 6.2565e-01
 123.5000 5.5569e-01 4.7042e-01 6.3664e-01 4.9726e-01 6.0762e-01 5.5166e-01 5.5972e-01 4.9372e-01 6.1766e-01
 123.7500 5.4836e-01 4.6420e-01 6.2851e-01 4.9076e-01 5.9972e-01 5.4450e-01 5.5240e-01 4.8713e-01 6.0976e-01
 124.0000 5.4129e-01 4.5793e-01 6.2039e-01 4.8434e-01 5.9182e-01 5.3734e-01 5.4524e-01 4.8055e-01 6.0202e-01
 124.2500 5.3421e-01 4.5184e-01 6.1244e-01 4.7800e-01 5.8417e-01 5.3034e-01 5.3808e-01 4.7413e-01 5.9429e-01
 124.5000 5.2730e-01 4.4580e-01 6.0461e-01 4.7174e-01 5.7651e-01 5.2351e-01 5.3108e-01 4.6779e-01 5.8680e-01
 124.7500 5.2038e-01 4.3994e-01 5.9689e-01 4.6565e-01 5.6902e-01 5.1668e-01 5.2425e-01 4.6154e-01 5.7931e-01
 125.0000 5.1363e-01 4.3412e-01 5.8927e-01 4.5956e-01 5.6161e-01 5.1001e-01 5.1742e-01 4.5545e-01 5.7198e-01
 125.2500 5.0705e-01 4.2835e-01 5.8176e-01 4.5364e-01 5.5437e-01 5.0343e-01 5.1075e-01 4.4936e-01 5.6474e-01
 125.5000 5.0047e-01 4.2275e-01 5.7431e-01 4.4779e-01 5.4713e-01 4.9685e-01 5.0417e-01 4.4343e-01 5.5758e-01
 125.7500 4.9405e-01 4.1708e-01 5.6703e-01 4.4195e-01 5.4005e-01 4.9051e-01 4.9767e-01 4.3751e-01 5.5059e-01
 126.0000 4.8763e-01 4.1165e-01 5.5992e-01 4.3627e-01 5.3314e-01 4.8417e-01 4.9125e-01 4.3175e-01 5.4367e-01
 126.2500 4.8137e-01 4.0621e-01 5.5280e-01 4.3068e-01 5.2623e-01 4.7792e-01 4.8491e-01 4.2599e-01 5.3684e-01
 126.5000 4.7520e-01 4.0090e-01 5.4581e-01 4.2516e-01 5.1948e-01 4.7174e-01 4.7866e-01 4.2039e-01 5.3009e-01
 126.7500 4.6911e-01 3.9563e-01 5.3891e-01 4.1965e-01 5.1281e-01 4.6574e-01 4.7257e-01 4.1487e-01 5.2343e-01
 127.0000 4.6310e-01 3.9043e-01 5.3215e-01 4.1430e-01 5.0623e-01 4.5981e-01 4.6648e-01 4.0936e-01 5.1693e-01
 127.2500 4.5718e-01 3.8532e-01 5.2542e-01 4.0895e-01 4.9973e-01 4.5388e-01 4.6055e-01 4.0401e-01 5.1043e-01
 127.5000 4.5133e-01 3.8029e-01 5.1883e-01 4.0376e-01 4.9331e-01 4.4812e-01 4.5463e-01 3.9866e-01 5.0409e-01
 127.7500 4.4565e-01 3.7531e-01 5.1234e-01 3.9858e-01 4.8705e-01 4.4245e-01 4.4886e-01 3.9348e-01 4.9783e-01
 128.0000 4.3998e-01 3.7043e-01 5.0597e-01 3.9356e-01 4.8088e-01 4.3677e-01 4.4319e-01 3.8829e-01 4.9166e-01
 128.2500 4.3438e-01 3.6565e-01 4.9956e-01 3.8854e-01 4.7471e-01 4.3125e-01 4.3751e-01 3.8327e-01 4.8549e-01
 128.5000 4.2886e-01 3.6089e-01 4.9335e-01 3.8360e-01 4.6870e-01 4.2574e-01 4.3199e-01 3.7825e-01 4.7948e-01
 128.7500 4.2343e-01 3.5621e-01 4.8723e-01 3.7874e-01 4.6277e-01 4.2039e-01 4.2656e-01 3.7331e-01 4.7355e-01
 129.0000 4.1808e-01 3.5162e-01 4.8113e-01 3.7397e-01 4.5685e-01 4.1504e-01 4.2113e-01 3.6846e-01 4.6771e-01
 129.2500 4.1282e-01 3.4705e-01 4.7517e-01 3.6920e-01 4.5109e-01 4.0985e-01 4.1578e-01 3.6368e-01 4.6195e-01
 129.5000 4.0763e-01 3.4261e-01 4.6929e-01 3.6459e-01 4.4541e-01 4.0467e-01 4.1060e-01 3.5899e-01 4.5627e-01
 129.7500 4.0245e-01 3.3818e-01 4.6353e-01 3.5998e-01 4.3981e-01 3.9957e-01 4.0541e-01 3.5430e-01 4.5068e-01
 130.0000 3.9743e-01 3.3386e-01 4.5776e-01 3.5545e-01 4.3422e-01 3.9455e-01 4.0031e-01 3.4978e-01 4.4516e-01
 130.2500 3.9249e-01 3.2956e-01 4.5213e-01 3.5101e-01 4.2878e-01 3.8961e-01 3.9529e-01 3.4525e-01 4.3973e-01
 130.5000 3.8755e-01 3.2531e-01 4.4650e-01 3.4657e-01 4.2335e-01 3.8467e-01 3.9035e-01 3.4080e-01 4.3430e-01
 130.7500 3.8270e-01 3.2110e-01 4.4107e-01 3.4220e-01 4.1808e-01 3.7990e-01 3.8549e-01 3.3636e-01 4.2903e-01
 131.0000 3.7792e-01 3.1702e-01 4.3560e-01 3.3792e-01 4.1282e-01 3.7512e-01 3.8064e-01 3.3208e-01 4.2376e-01
 131.2500 3.7323e-01 3.1297e-01 4.3026e-01 3.3373e-01 4.0771e-01 3.7051e-01 3.7595e-01 3.2780e-01 4.1858e-01
 131.5000 3.6854e-01 3.0897e-01 4.2506e-01 3.2953e-01 4.0261e-01 3.6582e-01 3.7126e-01 3.2360e-01 4.1356e-01
 131.7500 3.6393e-01 3.0500e-01 4.1988e-01 3.2541e-01 3.9759e-01 3.6130e-01 3.6665e-01 3.1941e-01 4.0854e-01
 132.0000 3.5940e-01 3.0117e-01 4.1477e-01 3.2138e-01 3.9265e-01 3.5685e-01 3.6204e-01 3.1537e-01 4.0360e-01
 132.2500 3.5496e-01 2.9736e-01 4.0964e-01 3.1743e-01 3.8771e-01 3.5241e-01 3.5759e-01 3.1134e-01 3.9866e-01
 132.5000 3.5060e-01 2.9352e-01 4.0470e-01 3.1348e-01 3.8294e-01 3.4805e-01 3.5315e-01 3.0731e-01 3.9389e-01
 132.7500 3.4624e-01 2.8985e-01 3.9976e-01 3.0961e-01 3.7817e-01 3.4377e-01 3.4879e-01 3.0344e-01 3.8911e-01
 133.0000 3.4196e-01 2.8615e-01 3.9495e-01 3.0574e-01 3.7356e-01 3.3949e-01 3.4451e-01 2.9957e-01 3.8442e-01
 133.2500 3.3776e-01 2.8259e-01 3.9018e-01 3.0204e-01 3.6895e-01 3.3529e-01 3.4023e-01 2.9579e-01 3.7981e-01
 133.5000 3.3364e-01 2.7894e-01 3.8537e-01 2.9825e-01 3.6434e-01 3.3117e-01 3.3603e-01 2.9200e-01 3.7521e-01
 133.7500 3.2953e-01 2.7546e-01 3.8079e-01 2.9463e-01 3.5990e-01 3.2714e-01 3.3192e-01 2.8830e-01 3.7076e-01
 134.0000 3.2550e-01 2.7201e-01 3.7619e-01 2.9101e-01 3.5545e-01 3.2311e-01 3.2788e-01 2.8468e-01 3.6632e-01
 134.2500 3.2146e-01 2.6856e-01 3.7169e-01 2.8739e-01 3.5109e-01 3.1916e-01 3.2385e-01 2.8105e-01 3.6195e-01
 134.5000 3.1760e-01 2.6515e-01 3.6718e-01 2.8385e-01 3.4681e-01 3.1529e-01 3.1990e-01 2.7752e-01 3.5759e-01
 134.7500 3.1365e-01 2.6190e-01 3.6277e-01 2.8040e-01 3.4253e-01 3.1142e-01 3.1595e-01 2.7406e-01 3.5331e-01
 135.0000 3.0986e-01 2.5863e-01 3.5841e-01 2.7702e-01 3.3833e-01 3.0764e-01 3.1216e-01 2.7060e-01 3.4912e-01
 135.2500 3.0607e-01 2.5542e-01 3.5416e-01 2.7365e-01 3.3422e-01 3.0385e-01 3.0830e-01 2.6723e-01 3.4500e-01
 135.5000 3.0237e-01 2.5218e-01 3.4993e-01 2.7027e-01 3.3019e-01 3.0015e-01 3.0459e-01 2.6385e-01 3.4089e-01
 135.7500 2.9867e-01 2.4906e-01 3.4577e-01 2.6698e-01 3.2615e-01 2.9653e-01 3.0089e-01 2.6056e-01 3.3685e-01
 136.0000 2.9505e-01 2.4596e-01 3.4169e-01 2.6377e-01 3.2220e-01 2.9291e-01 2.9727e-01 2.5727e-01 3.3290e-01
 136.2500 2.9151e-01 2.4288e-01 3.3757e-01 2.6056e-01 3.1825e-01 2.8937e-01 2.9365e-01 2.5406e-01 3.2895e-01
 136.5000 2.8797e-01 2.3987e-01 3.3358e-01 2.5735e-01 3.1439e-01 2.8591e-01 2.9011e-01 2.5093e-01 3.2509e-01
 136.7500 2.8451e-01 2.3693e-01 3.2959e-01 2.5431e-01 3.1060e-01 2.8245e-01 2.8657e-01 2.4780e-01 3.2122e-01
 137.0000 2.8105e-01 2.3394e-01 3.2568e-01 2.5118e-01 3.0681e-01 2.7900e-01 2.8311e-01 2.4468e-01 3.1743e-01
 137.2500 2.7768e-01 2.3108e-01 3.2184e-01 2.4822e-01 3.0311e-01 2.7570e-01 2.7974e-01 2.4163e-01 3.1373e-01
 137.5000 2.7431e-01 2.2823e-01 3.1806e-01 2.4517e-01 2.9949e-01 2.7233e-01 2.7636e-01 2.3867e-01 3.1002e-01
 137.7500 2.7101e-01 2.2541e-01 3.1431e-01 2.4221e-01 2.9587e-01 2.6912e-01 2.7307e-01 2.3571e-01 3.0640e-01
 138.0000 2.6780e-01 2.2266e-01 3.1064e-01 2.3933e-01 2.9233e-01 2.6583e-01 2.6978e-01 2.3283e-01 3.0286e-01
 138.2500 2.6460e-01 2.1991e-01 3.0697e-01 2.3645e-01 2.8879e-01 2.6270e-01 2.6657e-01 2.2995e-01 2.9933e-01
 138.5000 2.6139e-01 2.1722e-01 3.0335e-01 2.3365e-01 2.8533e-01 2.5957e-01 2.6336e-01 2.2707e-01 2.9579e-01
 138.7500 2.5834e-01 2.1452e-01 2.9977e-01 2.3085e-01 2.8196e-01 2.5645e-01 2.6023e-01 2.2427e-01 2.9233e-01
 139.0000 2.5521e-01 2.1192e-01 2.9630e-01 2.2805e-01 2.7859e-01 2.5340e-01 2.5711e-01 2.2155e-01 2.8896e-01
 139.2500 2.5217e-01 2.0934e-01 2.9285e-01 2.2534e-01 2.7529e-01 2.5036e-01 2.5406e-01 2.1884e-01 2.8558e-01
 139.5000 2.4920e-01 2.0678e-01 2.8942e-01 2.2270e-01 2.7200e-01 2.4739e-01 2.5101e-01 2.1612e-01 2.8229e-01
 139.7500 2.4624e-01 2.0428e-01 2.8605e-01 2.2007e-01 2.6879e-01 2.4451e-01 2.4805e-01 2.1349e-01 2.7900e-01
 140.0000 2.4336e-01 2.0174e-01 2.8271e-01 2.1744e-01 2.6558e-01 2.4155e-01 2.4509e-01 2.1085e-01 2.7579e-01
 140.2500 2.4048e-01 1.9933e-01 2.7949e-01 2.1489e-01 2.6245e-01 2.3875e-01 2.4221e-01 2.0830e-01 2.7266e-01
 140.5000 2.3760e-01 1.9691e-01 2.7619e-01 2.1233e-01 2.5933e-01 2.3587e-01 2.3933e-01 2.0575e-01 2.6945e-01
 140.7500 2.3480e-01 1.9446e-01 2.7305e-01 2.0978e-01 2.5628e-01 2.3316e-01 2.3653e-01 2.0320e-01 2.6641e-01
 141.0000 2.3200e-01 1.9212e-01 2.6991e-01 2.0731e-01 2.5324e-01 2.3036e-01 2.3373e-01 2.0073e-01 2.6336e-01
 141.2500 2.2929e-01 1.8982e-01 2.6679e-01 2.0484e-01 2.5027e-01 2.2764e-01 2.3102e-01 1.9834e-01 2.6032e-01
 141.5000 2.2657e-01 1.8750e-01 2.6373e-01 2.0246e-01 2.4731e-01 2.2501e-01 2.2830e-01 1.9587e-01 2.5735e-01
 141.7500 2.2394e-01 1.8522e-01 2.6068e-01 2.0007e-01 2.4443e-01 2.2238e-01 2.2558e-01 1.9349e-01 2.5439e-01
 142.0000 2.2131e-01 1.8305e-01 2.5770e-01 1.9777e-01 2.4155e-01 2.1974e-01 2.2295e-01 1.9118e-01 2.5151e-01
 142.2500 2.1875e-01 1.8084e-01 2.5474e-01 1.9546e-01 2.3875e-01 2.1719e-01 2.2032e-01 1.8888e-01 2.4863e-01
 142.5000 2.1620e-01 1.7863e-01 2.5178e-01 1.9316e-01 2.3595e-01 2.1464e-01 2.1777e-01 1.8657e-01 2.4575e-01
 142.7500 2.1365e-01 1.7649e-01 2.4893e-01 1.9085e-01 2.3324e-01 2.1209e-01 2.1522e-01 1.8435e-01 2.4295e-01
 143.0000 2.1118e-01 1.7437e-01 2.4612e-01 1.8863e-01 2.3052e-01 2.0962e-01 2.1275e-01 1.8213e-01 2.4023e-01
 143.2500 2.0871e-01 1.7225e-01 2.4330e-01 1.8641e-01 2.2781e-01 2.0723e-01 2.1019e-01 1.7991e-01 2.3752e-01
 143.5000 2.0633e-01 1.7021e-01 2.4051e-01 1.8427e-01 2.2517e-01 2.0476e-01 2.0781e-01 1.7777e-01 2.3480e-01
 143.7500 2.0386e-01 1.6821e-01 2.3781e-01 1.8213e-01 2.2254e-01 2.0246e-01 2.0534e-01 1.7563e-01 2.3217e-01
 144.0000 2.0155e-01 1.6620e-01 2.3509e-01 1.7999e-01 2.1999e-01 2.0007e-01 2.0303e-01 1.7357e-01 2.2954e-01
 144.2500 1.9917e-01 1.6421e-01 2.3241e-01 1.7793e-01 2.1744e-01 1.9777e-01 2.0065e-01 1.7143e-01 2.2690e-01
 144.5000 1.9686e-01 1.6225e-01 2.2977e-01 1.7588e-01 2.1489e-01 1.9546e-01 1.9834e-01 1.6937e-01 2.2435e-01
 144.7500 1.9464e-01 1.6032e-01 2.2720e-01 1.7382e-01 2.1242e-01 1.9324e-01 1.9604e-01 1.6740e-01 2.2188e-01
 145.0000 1.9242e-01 1.5845e-01 2.2456e-01 1.7184e-01 2.0995e-01 1.9102e-01 1.9373e-01 1.6542e-01 2.1933e-01
 145.2500 1.9020e-01 1.5657e-01 2.2204e-01 1.6987e-01 2.0756e-01 1.8880e-01 1.9151e-01 1.6345e-01 2.1686e-01
 145.5000 1.8797e-01 1.5469e-01 2.1960e-01 1.6789e-01 2.0517e-01 1.8657e-01 1.8937e-01 1.6147e-01 2.1447e-01
 145.7500 1.8583e-01 1.5290e-01 2.1711e-01 1.6600e-01 2.0279e-01 1.8443e-01 1.8715e-01 1.5958e-01 2.1209e-01
 146.0000 1.8369e-01 1.5106e-01 2.1468e-01 1.6402e-01 2.0048e-01 1.8238e-01 1.8501e-01 1.5769e-01 2.0970e-01
 146.2500 1.8155e-01 1.4927e-01 2.1231e-01 1.6213e-01 1.9818e-01 1.8024e-01 1.8287e-01 1.5579e-01 2.0740e-01
 146.5000 1.7950e-01 1.4755e-01 2.0996e-01 1.6032e-01 1.9596e-01 1.7818e-01 1.8081e-01 1.5398e-01 2.0509e-01
 146.7500 1.7744e-01 1.4584e-01 2.0760e-01 1.5851e-01 1.9373e-01 1.7620e-01 1.7876e-01 1.5217e-01 2.0279e-01
 147.0000 1.7546e-01 1.4410e-01 2.0521e-01 1.5670e-01 1.9151e-01 1.7415e-01 1.7670e-01 1.5036e-01 2.0048e-01
 147.2500 1.7341e-01 1.4239e-01 2.0293e-01 1.5489e-01 1.8929e-01 1.7217e-01 1.7472e-01 1.4855e-01 1.9826e-01
 147.5000 1.7143e-01 1.4071e-01 2.0073e-01 1.5308e-01 1.8715e-01 1.7020e-01 1.7267e-01 1.4682e-01 1.9612e-01
 147.7500 1.6954e-01 1.3905e-01 1.9842e-01 1.5135e-01 1.8501e-01 1.6830e-01 1.7077e-01 1.4510e-01 1.9390e-01
 148.0000 1.6756e-01 1.3742e-01 1.9627e-01 1.4962e-01 1.8295e-01 1.6633e-01 1.6880e-01 1.4337e-01 1.9176e-01
 148.2500 1.6567e-01 1.3587e-01 1.9408e-01 1.4797e-01 1.8090e-01 1.6452e-01 1.6690e-01 1.4172e-01 1.8962e-01
 148.5000 1.6386e-01 1.3424e-01 1.9192e-01 1.4625e-01 1.7884e-01 1.6263e-01 1.6501e-01 1.4008e-01 1.8756e-01
 148.7500 1.6197e-01 1.3269e-01 1.8980e-01 1.4460e-01 1.7678e-01 1.6081e-01 1.6312e-01 1.3843e-01 1.8550e-01
 149.0000 1.6016e-01 1.3111e-01 1.8769e-01 1.4295e-01 1.7480e-01 1.5900e-01 1.6131e-01 1.3678e-01 1.8345e-01
 149.2500 1.5835e-01 1.2965e-01 1.8566e-01 1.4139e-01 1.7283e-01 1.5719e-01 1.5950e-01 1.3522e-01 1.8147e-01
 149.5000 1.5654e-01 1.2813e-01 1.8362e-01 1.3975e-01 1.7086e-01 1.5538e-01 1.5769e-01 1.3365e-01 1.7950e-01
 149.7500 1.5481e-01 1.2663e-01 1.8159e-01 1.3818e-01 1.6896e-01 1.5365e-01 1.5588e-01 1.3209e-01 1.7752e-01
 150.0000 1.5308e-01 1.2514e-01 1.7957e-01 1.3662e-01 1.6707e-01 1.5193e-01 1.5415e-01 1.3053e-01 1.7555e-01
 150.2500 1.5135e-01 1.2370e-01 1.7761e-01 1.3505e-01 1.6518e-01 1.5020e-01 1.5242e-01 1.2905e-01 1.7365e-01
 150.5000 1.4962e-01 1.2226e-01 1.7570e-01 1.3357e-01 1.6337e-01 1.4855e-01 1.5069e-01 1.2748e-01 1.7176e-01
 150.7500 1.4797e-01 1.2084e-01 1.7372e-01 1.3209e-01 1.6147e-01 1.4691e-01 1.4905e-01 1.2600e-01 1.6987e-01
 151.0000 1.4633e-01 1.1949e-01 1.7184e-01 1.3061e-01 1.5966e-01 1.4526e-01 1.4740e-01 1.2460e-01 1.6806e-01
 151.2500 1.4468e-01 1.1807e-01 1.7001e-01 1.2913e-01 1.5793e-01 1.4361e-01 1.4575e-01 1.2312e-01 1.6625e-01
 151.5000 1.4304e-01 1.1678e-01 1.6814e-01 1.2773e-01 1.5612e-01 1.4205e-01 1.4411e-01 1.2172e-01 1.6443e-01
 151.7500 1.4147e-01 1.1539e-01 1.6628e-01 1.2625e-01 1.5440e-01 1.4049e-01 1.4246e-01 1.2032e-01 1.6263e-01
 152.0000 1.3991e-01 1.1406e-01 1.6449e-01 1.2485e-01 1.5267e-01 1.3892e-01 1.4090e-01 1.1892e-01 1.6090e-01
 152.2500 1.3835e-01 1.1273e-01 1.6267e-01 1.2345e-01 1.5102e-01 1.3736e-01 1.3933e-01 1.1752e-01 1.5909e-01
 152.5000 1.3678e-01 1.1151e-01 1.6095e-01 1.2213e-01 1.4929e-01 1.3579e-01 1.3777e-01 1.1621e-01 1.5744e-01
 152.7500 1.3530e-01 1.1021e-01 1.5918e-01 1.2073e-01 1.4765e-01 1.3431e-01 1.3629e-01 1.1489e-01 1.5571e-01
 153.0000 1.3382e-01 1.0895e-01 1.5751e-01 1.1942e-01 1.4608e-01 1.3283e-01 1.3473e-01 1.1357e-01 1.5407e-01
 153.2500 1.3234e-01 1.0770e-01 1.5573e-01 1.1810e-01 1.4444e-01 1.3135e-01 1.3324e-01 1.1226e-01 1.5234e-01
 153.5000 1.3086e-01 1.0645e-01 1.5414e-01 1.1678e-01 1.4287e-01 1.2995e-01 1.3176e-01 1.1094e-01 1.5077e-01
 153.7500 1.2938e-01 1.0527e-01 1.5243e-01 1.1547e-01 1.4123e-01 1.2847e-01 1.3036e-01 1.0971e-01 1.4913e-01
 154.0000 1.2798e-01 1.0410e-01 1.5085e-01 1.1423e-01 1.3975e-01 1.2707e-01 1.2888e-01 1.0847e-01 1.4756e-01
 154.2500 1.2658e-01 1.0293e-01 1.4915e-01 1.1300e-01 1.3818e-01 1.2567e-01 1.2748e-01 1.0724e-01 1.4592e-01
 154.5000 1.2518e-01 1.0171e-01 1.4753e-01 1.1168e-01 1.3662e-01 1.2427e-01 1.2608e-01 1.0600e-01 1.4435e-01
 154.7500 1.2378e-01 1.0059e-01 1.4601e-01 1.1053e-01 1.3514e-01 1.2296e-01 1.2468e-01 1.0477e-01 1.4287e-01
 155.0000 1.2246e-01 9.9454e-02 1.4440e-01 1.0929e-01 1.3365e-01 1.2156e-01 1.2337e-01 1.0362e-01 1.4131e-01
 155.2500 1.2115e-01 9.8318e-02 1.4290e-01 1.0806e-01 1.3226e-01 1.2024e-01 1.2197e-01 1.0246e-01 1.3983e-01
 155.5000 1.1983e-01 9.7163e-02 1.4136e-01 1.0691e-01 1.3078e-01 1.1892e-01 1.2065e-01 1.0123e-01 1.3835e-01
 155.7500 1.1851e-01 9.6143e-02 1.3986e-01 1.0576e-01 1.2938e-01 1.1761e-01 1.1934e-01 1.0016e-01 1.3687e-01
 156.0000 1.1720e-01 9.5058e-02 1.3835e-01 1.0460e-01 1.2798e-01 1.1637e-01 1.1802e-01 9.9007e-02 1.3538e-01
 156.2500 1.1596e-01 9.3938e-02 1.3689e-01 1.0345e-01 1.2658e-01 1.1514e-01 1.1678e-01 9.7855e-02 1.3398e-01
 156.5000 1.1464e-01 9.2918e-02 1.3547e-01 1.0230e-01 1.2518e-01 1.1382e-01 1.1547e-01 9.6785e-02 1.3259e-01
 156.7500 1.1341e-01 9.1844e-02 1.3401e-01 1.0123e-01 1.2378e-01 1.1259e-01 1.1423e-01 9.5633e-02 1.3119e-01
 157.0000 1.1218e-01 9.0792e-02 1.3259e-01 1.0008e-01 1.2246e-01 1.1135e-01 1.1300e-01 9.4563e-02 1.2979e-01
 157.2500 1.1094e-01 8.9789e-02 1.3117e-01 9.9007e-02 1.2115e-01 1.1020e-01 1.1176e-01 9.3493e-02 1.2839e-01
 157.5000 1.0979e-01 8.8816e-02 1.2979e-01 9.7937e-02 1.1983e-01 1.0897e-01 1.1053e-01 9.2505e-02 1.2707e-01
 157.7500 1.0855e-01 8.7813e-02 1.2845e-01 9.6867e-02 1.1851e-01 1.0781e-01 1.0938e-01 9.1435e-02 1.2575e-01
 158.0000 1.0740e-01 8.6844e-02 1.2711e-01 9.5797e-02 1.1728e-01 1.0666e-01 1.0823e-01 9.0448e-02 1.2444e-01
 158.2500 1.0625e-01 8.5852e-02 1.2573e-01 9.4810e-02 1.1596e-01 1.0551e-01 1.0699e-01 8.9378e-02 1.2312e-01
 158.5000 1.0510e-01 8.4882e-02 1.2439e-01 9.3740e-02 1.1473e-01 1.0436e-01 1.0584e-01 8.8390e-02 1.2180e-01
 158.7500 1.0395e-01 8.3961e-02 1.2313e-01 9.2752e-02 1.1349e-01 1.0329e-01 1.0477e-01 8.7403e-02 1.2057e-01
 159.0000 1.0288e-01 8.3002e-02 1.2176e-01 9.1764e-02 1.1226e-01 1.0213e-01 1.0362e-01 8.6415e-02 1.1925e-01
 159.2500 1.0172e-01 8.2149e-02 1.2054e-01 9.0777e-02 1.1111e-01 1.0106e-01 1.0246e-01 8.5510e-02 1.1802e-01
 159.5000 1.0065e-01 8.1194e-02 1.1925e-01 8.9789e-02 1.0987e-01 9.9995e-02 1.0139e-01 8.4522e-02 1.1678e-01
 159.7500 9.9583e-02 8.0306e-02 1.1806e-01 8.8802e-02 1.0872e-01 9.8925e-02 1.0032e-01 8.3617e-02 1.1563e-01
 160.0000 9.8513e-02 7.9465e-02 1.1681e-01 8.7896e-02 1.0757e-01 9.7855e-02 9.9254e-02 8.2712e-02 1.1440e-01
 160.2500 9.7443e-02 7.8536e-02 1.1563e-01 8.6909e-02 1.0641e-01 9.6785e-02 9.8184e-02 8.1757e-02 1.1325e-01
 160.5000 9.6456e-02 7.7663e-02 1.1434e-01 8.6003e-02 1.0526e-01 9.5797e-02 9.7114e-02 8.0852e-02 1.1201e-01
 160.7500 9.5386e-02 7.6828e-02 1.1320e-01 8.5098e-02 1.0419e-01 9.4727e-02 9.6126e-02 7.9954e-02 1.1086e-01
 161.0000 9.4398e-02 7.5975e-02 1.1199e-01 8.4193e-02 1.0304e-01 9.3740e-02 9.5057e-02 7.9074e-02 1.0971e-01
 161.2500 9.3410e-02 7.5136e-02 1.1089e-01 8.3288e-02 1.0197e-01 9.2752e-02 9.4069e-02 7.8210e-02 1.0864e-01
 161.5000 9.2423e-02 7.4289e-02 1.0972e-01 8.2382e-02 1.0090e-01 9.1764e-02 9.3081e-02 7.7337e-02 1.0748e-01
 161.7500 9.1435e-02 7.3491e-02 1.0855e-01 8.1526e-02 9.9830e-02 9.0777e-02 9.2094e-02 7.6490e-02 1.0633e-01
 162.0000 9.0448e-02 7.2695e-02 1.0745e-01 8.0662e-02 9.8760e-02 8.9789e-02 9.1106e-02 7.5650e-02 1.0526e-01
 162.2500 8.9460e-02 7.1913e-02 1.0635e-01 7.9806e-02 9.7690e-02 8.8884e-02 9.0118e-02 7.4819e-02 1.0419e-01
 162.5000 8.8555e-02 7.1105e-02 1.0526e-01 7.8959e-02 9.6702e-02 8.7896e-02 8.9213e-02 7.3996e-02 1.0312e-01
 162.7500 8.7650e-02 7.0316e-02 1.0413e-01 7.8127e-02 9.5633e-02 8.6991e-02 8.8226e-02 7.3181e-02 1.0205e-01
 163.0000 8.6662e-02 6.9580e-02 1.0314e-01 7.7304e-02 9.4645e-02 8.6086e-02 8.7320e-02 7.2383e-02 1.0106e-01
 163.2500 8.5757e-02 6.8821e-02 1.0205e-01 7.6490e-02 9.3657e-02 8.5181e-02 8.6415e-02 7.1593e-02 9.9995e-02
 163.5000 8.4851e-02 6.8073e-02 1.0104e-01 7.5683e-02 9.2670e-02 8.4275e-02 8.5510e-02 7.0811e-02 9.9007e-02
 163.7500 8.4028e-02 6.7302e-02 9.9914e-02 7.4885e-02 9.1682e-02 8.3370e-02 8.4604e-02 7.0037e-02 9.7937e-02
 164.0000 8.3123e-02 6.6586e-02 9.8937e-02 7.4095e-02 9.0777e-02 8.2547e-02 8.3699e-02 6.9280e-02 9.6949e-02
 164.2500 8.2234e-02 6.5870e-02 9.7917e-02 7.3321e-02 8.9789e-02 8.1650e-02 8.2876e-02 6.8523e-02 9.5962e-02
 164.5000 8.1378e-02 6.5149e-02 9.6920e-02 7.2547e-02 8.8884e-02 8.0794e-02 8.1979e-02 6.7774e-02 9.4974e-02
 164.7500 8.0531e-02 6.4447e-02 9.5954e-02 7.1790e-02 8.7896e-02 7.9954e-02 8.1123e-02 6.7042e-02 9.4069e-02
 165.0000 7.9683e-02 6.3757e-02 9.4956e-02 7.1041e-02 8.6991e-02 7.9123e-02 8.0275e-02 6.6317e-02 9.3081e-02
 165.2500 7.8860e-02 6.3057e-02 9.4021e-02 7.0292e-02 8.6086e-02 7.8292e-02 7.9436e-02 6.5593e-02 9.2176e-02
 165.5000 7.8037e-02 6.2380e-02 9.3014e-02 6.9560e-02 8.5181e-02 7.7485e-02 7.8613e-02 6.4885e-02 9.1188e-02
 165.7500 7.7222e-02 6.1704e-02 9.2116e-02 6.8836e-02 8.4358e-02 7.6671e-02 7.7790e-02 6.4177e-02 9.0283e-02
 166.0000 7.6416e-02 6.1044e-02 9.1176e-02 6.8120e-02 8.3452e-02 7.5872e-02 7.6983e-02 6.3486e-02 8.9378e-02
 166.2500 7.5626e-02 6.0389e-02 9.0229e-02 6.7412e-02 8.2547e-02 7.5091e-02 7.6185e-02 6.2803e-02 8.8473e-02
 166.5000 7.4844e-02 5.9734e-02 8.9319e-02 6.6712e-02 8.1724e-02 7.4309e-02 7.5395e-02 6.2120e-02 8.7567e-02
 166.7500 7.4070e-02 5.9095e-02 8.8466e-02 6.6021e-02 8.0876e-02 7.3535e-02 7.4613e-02 6.1453e-02 8.6744e-02
 167.0000 7.3305e-02 5.8464e-02 8.7543e-02 6.5338e-02 8.0037e-02 7.2778e-02 7.3848e-02 6.0795e-02 8.5839e-02
 167.2500 7.2547e-02 5.7830e-02 8.6696e-02 6.4655e-02 7.9214e-02 7.2029e-02 7.3082e-02 6.0137e-02 8.5016e-02
 167.5000 7.1799e-02 5.7216e-02 8.5779e-02 6.3988e-02 7.8399e-02 7.1288e-02 7.2334e-02 5.9495e-02 8.4111e-02
 167.7500 7.1058e-02 5.6603e-02 8.4934e-02 6.3330e-02 7.7592e-02 7.0548e-02 7.1585e-02 5.8853e-02 8.3288e-02
 168.0000 7.0325e-02 5.5987e-02 8.4090e-02 6.2671e-02 7.6794e-02 6.9823e-02 7.0844e-02 5.8211e-02 8.2465e-02
 168.2500 6.9601e-02 5.5397e-02 8.3241e-02 6.2030e-02 7.6004e-02 6.9107e-02 7.0120e-02 5.7594e-02 8.1633e-02
 168.5000 6.8885e-02 5.4804e-02 8.2414e-02 6.1388e-02 7.5222e-02 6.8391e-02 6.9395e-02 5.6976e-02 8.0827e-02
 168.7500 6.8177e-02 5.4224e-02 8.1581e-02 6.0762e-02 7.4449e-02 6.7692e-02 6.8688e-02 5.6367e-02 8.0012e-02
 169.0000 6.7486e-02 5.3644e-02 8.0767e-02 6.0137e-02 7.3683e-02 6.7000e-02 6.7980e-02 5.5767e-02 7.9222e-02
 169.2500 6.6786e-02 5.3072e-02 7.9965e-02 5.9519e-02 7.2934e-02 6.6309e-02 6.7289e-02 5.5166e-02 7.8432e-02
 169.5000 6.6103e-02 5.2512e-02 7.9174e-02 5.8910e-02 7.2194e-02 6.5634e-02 6.6597e-02 5.4581e-02 7.7658e-02
 169.7500 6.5429e-02 5.1956e-02 7.8382e-02 5.8301e-02 7.1453e-02 6.4959e-02 6.5922e-02 5.4005e-02 7.6885e-02
 170.0000 6.4762e-02 5.1406e-02 7.7597e-02 5.7709e-02 7.0720e-02 6.4301e-02 6.5247e-02 5.3429e-02 7.6119e-02
 170.2500 6.4103e-02 5.0859e-02 7.6831e-02 5.7116e-02 7.0004e-02 6.3643e-02 6.4581e-02 5.2861e-02 7.5370e-02
 170.5000 6.3453e-02 5.0325e-02 7.6063e-02 5.6540e-02 6.9288e-02 6.2992e-02 6.3922e-02 5.2302e-02 7.4621e-02
 170.7500 6.2803e-02 4.9791e-02 7.5317e-02 5.5964e-02 6.8589e-02 6.2359e-02 6.3272e-02 5.1742e-02 7.3889e-02
 171.0000 6.2169e-02 4.9264e-02 7.4572e-02 5.5388e-02 6.7889e-02 6.1725e-02 6.2630e-02 5.1199e-02 7.3165e-02
 171.2500 6.1536e-02 4.8747e-02 7.3835e-02 5.4828e-02 6.7206e-02 6.1091e-02 6.1997e-02 5.0656e-02 7.2441e-02
 171.5000 6.0910e-02 4.8233e-02 7.3110e-02 5.4269e-02 6.6523e-02 6.0474e-02 6.1371e-02 5.0121e-02 7.1733e-02
 171.7500 6.0293e-02 4.7727e-02 7.2386e-02 5.3717e-02 6.5848e-02 5.9865e-02 6.0746e-02 4.9594e-02 7.1025e-02
 172.0000 5.9684e-02 4.7223e-02 7.1670e-02 5.3174e-02 6.5182e-02 5.9256e-02 6.0128e-02 4.9067e-02 7.0325e-02
 172.2500 5.9083e-02 4.6734e-02 7.0970e-02 5.2639e-02 6.4523e-02 5.8655e-02 5.9528e-02 4.8557e-02 6.9642e-02
 172.5000 5.8491e-02 4.6241e-02 7.0270e-02 5.2104e-02 6.3873e-02 5.8063e-02 5.8919e-02 4.8047e-02 6.8959e-02
 172.7500 5.7898e-02 4.5754e-02 6.9581e-02 5.1577e-02 6.3231e-02 5.7478e-02 5.8326e-02 4.7537e-02 6.8284e-02
 173.0000 5.7314e-02 4.5281e-02 6.8901e-02 5.1059e-02 6.2597e-02 5.6902e-02 5.7742e-02 4.7043e-02 6.7618e-02
 173.2500 5.6738e-02 4.4805e-02 6.8218e-02 5.0540e-02 6.1964e-02 5.6334e-02 5.7157e-02 4.6549e-02 6.6951e-02
 173.5000 5.6170e-02 4.4331e-02 6.7555e-02 5.0030e-02 6.1346e-02 5.5767e-02 5.6590e-02 4.6055e-02 6.6301e-02
 173.7500 5.5602e-02 4.3875e-02 6.6898e-02 4.9528e-02 6.0729e-02 5.5207e-02 5.6022e-02 4.5578e-02 6.5659e-02
 174.0000 5.5042e-02 4.3419e-02 6.6243e-02 4.9034e-02 6.0120e-02 5.4647e-02 5.5454e-02 4.5100e-02 6.5017e-02
 174.2500 5.4499e-02 4.2965e-02 6.5592e-02 4.8541e-02 5.9519e-02 5.4104e-02 5.4902e-02 4.4631e-02 6.4383e-02
 174.5000 5.3948e-02 4.2518e-02 6.4956e-02 4.8055e-02 5.8927e-02 5.3561e-02 5.4351e-02 4.4162e-02 6.3758e-02
 174.7500 5.3413e-02 4.2077e-02 6.4322e-02 4.7578e-02 5.8334e-02 5.3026e-02 5.3808e-02 4.3701e-02 6.3141e-02
 175.0000 5.2878e-02 4.1642e-02 6.3698e-02 4.7100e-02 5.7750e-02 5.2499e-02 5.3273e-02 4.3249e-02 6.2532e-02
 175.2500 5.2351e-02 4.1204e-02 6.3080e-02 4.6623e-02 5.7182e-02 5.1972e-02 5.2738e-02 4.2796e-02 6.1922e-02
 175.5000 5.1833e-02 4.0779e-02 6.2473e-02 4.6162e-02 5.6614e-02 5.1454e-02 5.2211e-02 4.2352e-02 6.1330e-02
 175.7500 5.1314e-02 4.0354e-02 6.1866e-02 4.5701e-02 5.6046e-02 5.0944e-02 5.1693e-02 4.1907e-02 6.0737e-02
 176.0000 5.0804e-02 3.9943e-02 6.1271e-02 4.5248e-02 5.5495e-02 5.0433e-02 5.1182e-02 4.1479e-02 6.0153e-02
 176.2500 5.0302e-02 3.9524e-02 6.0673e-02 4.4796e-02 5.4944e-02 4.9940e-02 5.0672e-02 4.1043e-02 5.9569e-02
 176.5000 4.9800e-02 3.9122e-02 6.0094e-02 4.4352e-02 5.4400e-02 4.9438e-02 5.0170e-02 4.0623e-02 5.9001e-02
 176.7500 4.9306e-02 3.8717e-02 5.9512e-02 4.3907e-02 5.3857e-02 4.8952e-02 4.9676e-02 4.0204e-02 5.8433e-02
 177.0000 4.8820e-02 3.8313e-02 5.8941e-02 4.3471e-02 5.3330e-02 4.8467e-02 4.9183e-02 3.9784e-02 5.7873e-02
 177.2500 4.8343e-02 3.7918e-02 5.8368e-02 4.3043e-02 5.2804e-02 4.7989e-02 4.8697e-02 3.9372e-02 5.7314e-02
 177.5000 4.7857e-02 3.7532e-02 5.7805e-02 4.2615e-02 5.2277e-02 4.7512e-02 4.8220e-02 3.8969e-02 5.6762e-02
 177.7500 4.7388e-02 3.7145e-02 5.7251e-02 4.2195e-02 5.1767e-02 4.7043e-02 4.7742e-02 3.8566e-02 5.6219e-02
 178.0000 4.6919e-02 3.6765e-02 5.6705e-02 4.1776e-02 5.1256e-02 4.6582e-02 4.7273e-02 3.8171e-02 5.5684e-02
 178.2500 4.6458e-02 3.6393e-02 5.6163e-02 4.1364e-02 5.0746e-02 4.6121e-02 4.6804e-02 3.7784e-02 5.5158e-02
 178.5000 4.6006e-02 3.6018e-02 5.5625e-02 4.0953e-02 5.0252e-02 4.5668e-02 4.6343e-02 3.7397e-02 5.4631e-02
 178.7500 4.5553e-02 3.5647e-02 5.5088e-02 4.0549e-02 4.9759e-02 4.5216e-02 4.5891e-02 3.7010e-02 5.4104e-02
 179.0000 4.5100e-02 3.5288e-02 5.4569e-02 4.0154e-02 4.9273e-02 4.4779e-02 4.5438e-02 3.6632e-02 5.3594e-02
 179.2500 4.4664e-02 3.4922e-02 5.4045e-02 3.9759e-02 4.8787e-02 4.4335e-02 4.4993e-02 3.6253e-02 5.3084e-02
 179.5000 4.4220e-02 3.4571e-02 5.3534e-02 3.9372e-02 4.8310e-02 4.3899e-02 4.4549e-02 3.5883e-02 5.2582e-02
 179.7500 4.3792e-02 3.4220e-02 5.3022e-02 3.8985e-02 4.7841e-02 4.3471e-02 4.4121e-02 3.5521e-02 5.2079e-02
 180.0000 4.3364e-02 3.3870e-02 5.2516e-02 3.8599e-02 4.7372e-02 4.3051e-02 4.3685e-02 3.5159e-02 5.1586e-02
 180.2500 4.2936e-02 3.3524e-02 5.2022e-02 3.8220e-02 4.6911e-02 4.2623e-02 4.3257e-02 3.4796e-02 5.1100e-02
 180.5000 4.2524e-02 3.3183e-02 5.1522e-02 3.7850e-02 4.6450e-02 4.2212e-02 4.2837e-02 3.4443e-02 5.0614e-02
 180.7500 4.2105e-02 3.2852e-02 5.1036e-02 3.7479e-02 4.5998e-02 4.1800e-02 4.2417e-02 3.4097e-02 5.0137e-02
 181.0000 4.1693e-02 3.2522e-02 5.0551e-02 3.7117e-02 4.5553e-02 4.1389e-02 4.2006e-02 3.3751e-02 4.9660e-02
 181.2500 4.1290e-02 3.2189e-02 5.0078e-02 3.6755e-02 4.5109e-02 4.0985e-02 4.1603e-02 3.3406e-02 4.9199e-02
 181.5000 4.0887e-02 3.1864e-02 4.9601e-02 3.6393e-02 4.4672e-02 4.0590e-02 4.1191e-02 3.3068e-02 4.8730e-02
 181.7500 4.0492e-02 3.1539e-02 4.9136e-02 3.6039e-02 4.4236e-02 4.0195e-02 4.0796e-02 3.2731e-02 4.8277e-02
 182.0000 4.0097e-02 3.1226e-02 4.8675e-02 3.5693e-02 4.3808e-02 3.9808e-02 4.0401e-02 3.2401e-02 4.7824e-02
 182.2500 3.9710e-02 3.0906e-02 4.8214e-02 3.5340e-02 4.3389e-02 3.9422e-02 4.0006e-02 3.2072e-02 4.7372e-02
 182.5000 3.9331e-02 3.0597e-02 4.7758e-02 3.5002e-02 4.2969e-02 3.9043e-02 3.9619e-02 3.1751e-02 4.6927e-02
 182.7500 3.8953e-02 3.0289e-02 4.7310e-02 3.4665e-02 4.2549e-02 3.8664e-02 3.9241e-02 3.1430e-02 4.6491e-02
 183.0000 3.8574e-02 2.9981e-02 4.6869e-02 3.4327e-02 4.2146e-02 3.8286e-02 3.8862e-02 3.1109e-02 4.6055e-02
 183.2500 3.8204e-02 2.9681e-02 4.6429e-02 3.3998e-02 4.1734e-02 3.7916e-02 3.8483e-02 3.0797e-02 4.5627e-02
 183.5000 3.7833e-02 2.9389e-02 4.5992e-02 3.3669e-02 4.1331e-02 3.7553e-02 3.8113e-02 3.0492e-02 4.5199e-02
 183.7500 3.7463e-02 2.9089e-02 4.5560e-02 3.3340e-02 4.0936e-02 3.7191e-02 3.7751e-02 3.0179e-02 4.4771e-02
 184.0000 3.7109e-02 2.8794e-02 4.5135e-02 3.3019e-02 4.0541e-02 3.6837e-02 3.7381e-02 2.9875e-02 4.4360e-02
 184.2500 3.6747e-02 2.8503e-02 4.4718e-02 3.2698e-02 4.0154e-02 3.6484e-02 3.7027e-02 2.9570e-02 4.3948e-02
 184.5000 3.6401e-02 2.8223e-02 4.4295e-02 3.2385e-02 3.9767e-02 3.6130e-02 3.6673e-02 2.9282e-02 4.3537e-02
 184.7500 3.6047e-02 2.7940e-02 4.3886e-02 3.2072e-02 3.9389e-02 3.5784e-02 3.6319e-02 2.8986e-02 4.3133e-02
 185.0000 3.5702e-02 2.7664e-02 4.3475e-02 3.1768e-02 3.9010e-02 3.5438e-02 3.5973e-02 2.8698e-02 4.2730e-02
 185.2500 3.5364e-02 2.7379e-02 4.3071e-02 3.1463e-02 3.8640e-02 3.5101e-02 3.5628e-02 2.8402e-02 4.2335e-02
 185.5000 3.5027e-02 2.7108e-02 4.2667e-02 3.1159e-02 3.8269e-02 3.4772e-02 3.5282e-02 2.8122e-02 4.1940e-02
 185.7500 3.4689e-02 2.6841e-02 4.2275e-02 3.0862e-02 3.7907e-02 3.4434e-02 3.4945e-02 2.7842e-02 4.1553e-02
 186.0000 3.4360e-02 2.6571e-02 4.1887e-02 3.0566e-02 3.7545e-02 3.4105e-02 3.4615e-02 2.7562e-02 4.1175e-02
 186.2500 3.4031e-02 2.6305e-02 4.1495e-02 3.0278e-02 3.7191e-02 3.3784e-02 3.4286e-02 2.7282e-02 4.0788e-02
 186.5000 3.3710e-02 2.6043e-02 4.1115e-02 2.9990e-02 3.6837e-02 3.3463e-02 3.3957e-02 2.7011e-02 4.0418e-02
 186.7500 3.3389e-02 2.5789e-02 4.0728e-02 2.9702e-02 3.6484e-02 3.3142e-02 3.3636e-02 2.6748e-02 4.0039e-02
 187.0000 3.3068e-02 2.5538e-02 4.0359e-02 2.9422e-02 3.6138e-02 3.2829e-02 3.3315e-02 2.6484e-02 3.9677e-02
 187.2500 3.2755e-02 2.5285e-02 3.9980e-02 2.9142e-02 3.5792e-02 3.2517e-02 3.3002e-02 2.6221e-02 3.9307e-02
 187.5000 3.2451e-02 2.5028e-02 3.9610e-02 2.8863e-02 3.5455e-02 3.2212e-02 3.2690e-02 2.5957e-02 3.8944e-02
 187.7500 3.2138e-02 2.4786e-02 3.9249e-02 2.8591e-02 3.5117e-02 3.1908e-02 3.2377e-02 2.5702e-02 3.8590e-02
 188.0000 3.1834e-02 2.4541e-02 3.8889e-02 2.8319e-02 3.4788e-02 3.1603e-02 3.2072e-02 2.5447e-02 3.8237e-02
 188.2500 3.1537e-02 2.4292e-02 3.8534e-02 2.8048e-02 3.4459e-02 3.1307e-02 3.1768e-02 2.5192e-02 3.7891e-02
 188.5000 3.1241e-02 2.4055e-02 3.8183e-02 2.7785e-02 3.4138e-02 3.1011e-02 3.1471e-02 2.4945e-02 3.7545e-02
 188.7500 3.0945e-02 2.3818e-02 3.7831e-02 2.7521e-02 3.3817e-02 3.0714e-02 3.1175e-02 2.4698e-02 3.7200e-02
 189.0000 3.0648e-02 2.3588e-02 3.7488e-02 2.7258e-02 3.3496e-02 3.0426e-02 3.0879e-02 2.4460e-02 3.6862e-02
 189.2500 3.0360e-02 2.3359e-02 3.7144e-02 2.7003e-02 3.3183e-02 3.0138e-02 3.0591e-02 2.4221e-02 3.6525e-02
 189.5000 3.0072e-02 2.3130e-02 3.6809e-02 2.6748e-02 3.2871e-02 2.9858e-02 3.0303e-02 2.3982e-02 3.6195e-02
 189.7500 2.9793e-02 2.2898e-02 3.6462e-02 2.6492e-02 3.2558e-02 2.9579e-02 3.0015e-02 2.3744e-02 3.5858e-02
 190.0000 2.9513e-02 2.2671e-02 3.6135e-02 2.6246e-02 3.2253e-02 2.9299e-02 2.9735e-02 2.3505e-02 3.5537e-02
 190.2500 2.9233e-02 2.2450e-02 3.5811e-02 2.5999e-02 3.1957e-02 2.9027e-02 2.9455e-02 2.3274e-02 3.5216e-02
 190.5000 2.8961e-02 2.2234e-02 3.5480e-02 2.5752e-02 3.1653e-02 2.8756e-02 2.9175e-02 2.3052e-02 3.4895e-02
 190.7500 2.8690e-02 2.2014e-02 3.5154e-02 2.5513e-02 3.1356e-02 2.8484e-02 2.8904e-02 2.2822e-02 3.4574e-02
 191.0000 2.8418e-02 2.1801e-02 3.4835e-02 2.5274e-02 3.1060e-02 2.8212e-02 2.8632e-02 2.2600e-02 3.4262e-02
 191.2500 2.8155e-02 2.1586e-02 3.4524e-02 2.5036e-02 3.0772e-02 2.7949e-02 2.8369e-02 2.2377e-02 3.3957e-02
 191.5000 2.7891e-02 2.1375e-02 3.4213e-02 2.4805e-02 3.0484e-02 2.7694e-02 2.8105e-02 2.2155e-02 3.3653e-02
 191.7500 2.7636e-02 2.1167e-02 3.3902e-02 2.4575e-02 3.0204e-02 2.7431e-02 2.7842e-02 2.1941e-02 3.3348e-02
 192.0000 2.7381e-02 2.0960e-02 3.3591e-02 2.4344e-02 2.9924e-02 2.7175e-02 2.7579e-02 2.1727e-02 3.3043e-02
 192.2500 2.7126e-02 2.0760e-02 3.3289e-02 2.4114e-02 2.9645e-02 2.6929e-02 2.7324e-02 2.1521e-02 3.2747e-02
 192.5000 2.6871e-02 2.0557e-02 3.2989e-02 2.3892e-02 2.9373e-02 2.6673e-02 2.7069e-02 2.1308e-02 3.2451e-02
 192.7500 2.6624e-02 2.0358e-02 3.2695e-02 2.3669e-02 2.9101e-02 2.6426e-02 2.6822e-02 2.1102e-02 3.2163e-02
 193.0000 2.6377e-02 2.0159e-02 3.2393e-02 2.3447e-02 2.8830e-02 2.6180e-02 2.6575e-02 2.0896e-02 3.1867e-02
 193.2500 2.6130e-02 1.9964e-02 3.2098e-02 2.3233e-02 2.8558e-02 2.5941e-02 2.6328e-02 2.0690e-02 3.1578e-02
 193.5000 2.5883e-02 1.9773e-02 3.1815e-02 2.3011e-02 2.8295e-02 2.5702e-02 2.6081e-02 2.0493e-02 3.1299e-02
 193.7500 2.5645e-02 1.9582e-02 3.1528e-02 2.2797e-02 2.8031e-02 2.5464e-02 2.5842e-02 2.0295e-02 3.1019e-02
 194.0000 2.5414e-02 1.9392e-02 3.1243e-02 2.2591e-02 2.7776e-02 2.5225e-02 2.5604e-02 2.0098e-02 3.0739e-02
 194.2500 2.5176e-02 1.9201e-02 3.0967e-02 2.2377e-02 2.7521e-02 2.4994e-02 2.5365e-02 1.9900e-02 3.0467e-02
 194.5000 2.4945e-02 1.9019e-02 3.0689e-02 2.2172e-02 2.7266e-02 2.4764e-02 2.5134e-02 1.9711e-02 3.0196e-02
 194.7500 2.4715e-02 1.8836e-02 3.0414e-02 2.1966e-02 2.7019e-02 2.4534e-02 2.4904e-02 1.9522e-02 2.9924e-02
 195.0000 2.4484e-02 1.8654e-02 3.0136e-02 2.1760e-02 2.6764e-02 2.4303e-02 2.4674e-02 1.9332e-02 2.9653e-02
 195.2500 2.4262e-02 1.8472e-02 2.9866e-02 2.1563e-02 2.6517e-02 2.4081e-02 2.4443e-02 1.9143e-02 2.9389e-02
 195.5000 2.4032e-02 1.8301e-02 2.9603e-02 2.1365e-02 2.6278e-02 2.3859e-02 2.4221e-02 1.8962e-02 2.9126e-02
 195.7500 2.3818e-02 1.8116e-02 2.9337e-02 2.1168e-02 2.6031e-02 2.3637e-02 2.3990e-02 1.8773e-02 2.8871e-02
 196.0000 2.3595e-02 1.7942e-02 2.9079e-02 2.0970e-02 2.5793e-02 2.3423e-02 2.3776e-02 1.8592e-02 2.8616e-02
 196.2500 2.3381e-02 1.7776e-02 2.8820e-02 2.0781e-02 2.5562e-02 2.3209e-02 2.3554e-02 1.8419e-02 2.8361e-02
 196.5000 2.3167e-02 1.7603e-02 2.8566e-02 2.0591e-02 2.5324e-02 2.2995e-02 2.3340e-02 1.8238e-02 2.8114e-02
 196.7500 2.2954e-02 1.7436e-02 2.8315e-02 2.0402e-02 2.5093e-02 2.2781e-02 2.3126e-02 1.8065e-02 2.7867e-02
 197.0000 2.2748e-02 1.7275e-02 2.8062e-02 2.0213e-02 2.4863e-02 2.2575e-02 2.2912e-02 1.7900e-02 2.7620e-02
 197.2500 2.2534e-02 1.7094e-02 2.7815e-02 2.0024e-02 2.4641e-02 2.2369e-02 2.2707e-02 1.7711e-02 2.7373e-02
 197.5000 2.2328e-02 1.6936e-02 2.7569e-02 1.9842e-02 2.4410e-02 2.2163e-02 2.2501e-02 1.7546e-02 2.7134e-02
 197.7500 2.2122e-02 1.6771e-02 2.7326e-02 1.9661e-02 2.4188e-02 2.1958e-02 2.2295e-02 1.7374e-02 2.6896e-02
 198.0000 2.1925e-02 1.6625e-02 2.7084e-02 1.9480e-02 2.3974e-02 2.1760e-02 2.2089e-02 1.7225e-02 2.6657e-02
 198.2500 2.1719e-02 1.6460e-02 2.6842e-02 1.9299e-02 2.3752e-02 2.1563e-02 2.1892e-02 1.7053e-02 2.6418e-02
 198.5000 2.1530e-02 1.6300e-02 2.6605e-02 1.9126e-02 2.3538e-02 2.1365e-02 2.1686e-02 1.6888e-02 2.6188e-02
 198.7500 2.1332e-02 1.6143e-02 2.6371e-02 1.8954e-02 2.3324e-02 2.1176e-02 2.1497e-02 1.6723e-02 2.5957e-02
 199.0000 2.1135e-02 1.5994e-02 2.6144e-02 1.8781e-02 2.3110e-02 2.0978e-02 2.1299e-02 1.6567e-02 2.5735e-02
 199.2500 2.0945e-02 1.5841e-02 2.5910e-02 1.8608e-02 2.2904e-02 2.0789e-02 2.1102e-02 1.6411e-02 2.5505e-02
 199.5000 2.0756e-02 1.5689e-02 2.5681e-02 1.8435e-02 2.2690e-02 2.0600e-02 2.0912e-02 1.6254e-02 2.5283e-02
 199.7500 2.0567e-02 1.5540e-02 2.5455e-02 1.8271e-02 2.2484e-02 2.0410e-02 2.0723e-02 1.6098e-02 2.5060e-02
 200.0000 2.0377e-02 1.5392e-02 2.5232e-02 1.8106e-02 2.2287e-02 2.0229e-02 2.0534e-02 1.5942e-02 2.4838e-02