   2.0000 2.8884e+08 5.6873e+07 6.2986e+08 6.6064e+07 6.1754e+08 2.2419e+08 3.7968e+08 0.0 0.0 
   2.2500 2.4504e+08 6.3186e+07 5.1529e+08 7.1044e+07 5.0488e+08 1.9216e+08 3.1932e+08 0.0 0.0 
   2.5000 2.0472e+08 6.4242e+07 4.1640e+08 7.0806e+07 4.0788e+08 1.6228e+08 2.6416e+08 0.0 0.0 
   2.7500 1.6960e+08 6.0954e+07 3.3466e+08 6.6329e+07 3.2780e+08 1.3585e+08 2.1669e+08 0.0 0.0 
   3.0000 1.3996e+08 5.5999e+07 2.6864e+08 6.0376e+07 2.6315e+08 1.1320e+08 1.7714e+08 0.0 0.0 
   3.2500 1.1535e+08 5.0437e+07 2.1588e+08 5.4002e+07 2.1150e+08 9.4136e+07 1.4471e+08 0.0 0.0 
   3.5000 9.5107e+07 4.4774e+07 1.7391e+08 4.7678e+07 1.7041e+08 7.8259e+07 1.1835e+08 0.0 0.0 
   3.7500 7.8543e+07 3.9393e+07 1.4059e+08 4.1763e+07 1.3778e+08 6.5128e+07 9.6998e+07 0.0 0.0 
   4.0000 6.5032e+07 3.4471e+07 1.1412e+08 3.6408e+07 1.1187e+08 5.4324e+07 7.9720e+07 0.0 0.0 
   4.2500 5.4021e+07 3.0056e+07 9.3056e+07 3.1640e+07 9.1254e+07 4.5451e+07 6.5743e+07 0.0 0.0 
   4.5000 4.5045e+07 2.6141e+07 7.6261e+07 2.7439e+07 7.4817e+07 3.8162e+07 5.4430e+07 0.0 0.0 
   4.7500 3.7725e+07 2.2728e+07 6.2842e+07 2.3795e+07 6.1681e+07 3.2169e+07 4.5272e+07 0.0 0.0 
   5.0000 3.1733e+07 1.9773e+07 5.2064e+07 2.0655e+07 5.1127e+07 2.7226e+07 3.7833e+07 0.0 0.0 
   5.2500 2.6808e+07 1.7216e+07 4.3358e+07 1.7947e+07 4.2599e+07 2.3134e+07 3.1762e+07 0.0 0.0 
   5.5000 2.2743e+07 1.5003e+07 3.6287e+07 1.5612e+07 3.5670e+07 1.9734e+07 2.6787e+07 0.0 0.0 
   5.7500 1.9374e+07 1.3094e+07 3.0521e+07 1.3603e+07 3.0015e+07 1.6898e+07 2.2693e+07 0.0 0.0 
   6.0000 1.6569e+07 1.1367e+07 2.5792e+07 1.1787e+07 2.5377e+07 1.4522e+07 1.9307e+07 0.0 0.0 
   6.2500 1.4223e+07 9.8448e+06 2.1894e+07 1.0188e+07 2.1550e+07 1.2523e+07 1.6493e+07 0.0 0.0 
   6.5000 1.2254e+07 8.5536e+06 1.8663e+07 8.8360e+06 1.8378e+07 1.0837e+07 1.4144e+07 0.0 0.0 
   6.7500 1.0595e+07 7.4549e+06 1.5973e+07 7.6879e+06 1.5736e+07 9.4084e+06 1.2175e+07 0.0 0.0 
   7.0000 9.1918e+06 6.5163e+06 1.3724e+07 6.7093e+06 1.3525e+07 8.1941e+06 1.0518e+07 0.0 0.0 
   7.2500 7.9998e+06 5.7118e+06 1.1834e+07 5.8722e+06 1.1668e+07 7.1580e+06 9.1183e+06 0.0 0.0 
   7.5000 6.9838e+06 5.0203e+06 1.0241e+07 5.1542e+06 1.0101e+07 6.2711e+06 7.9304e+06 0.0 0.0 
   7.7500 6.1148e+06 4.4242e+06 8.8925e+06 4.5363e+06 8.7736e+06 5.5094e+06 6.9190e+06 0.0 0.0 
   8.0000 5.3693e+06 3.9090e+06 7.7465e+06 4.0032e+06 7.6455e+06 4.8533e+06 6.0549e+06 0.0 0.0 
   8.2500 4.7278e+06 3.4625e+06 6.7694e+06 3.5420e+06 6.6833e+06 4.2866e+06 5.3145e+06 0.0 0.0 
   8.5000 4.1745e+06 3.0745e+06 5.9334e+06 3.1416e+06 5.8597e+06 3.7959e+06 4.6782e+06 0.0 0.0 
   8.7500 3.6955e+06 2.7362e+06 5.2157e+06 2.7932e+06 5.1525e+06 3.3696e+06 4.1296e+06 0.0 0.0
   9.0000 3.2796e+06 2.4406e+06 4.5977e+06 2.4892e+06 4.5431e+06 2.9983e+06 3.6548e+06 0.0 0.0
   9.2500 2.9174e+06 2.1817e+06 4.0638e+06 2.2231e+06 4.0166e+06 2.6738e+06 3.2428e+06 0.0 0.0
   9.5000 2.6010e+06 1.9542e+06 3.6012e+06 1.9898e+06 3.5604e+06 2.3895e+06 2.8840e+06 0.0 0.0
   9.7500 2.3239e+06 1.7541e+06 3.1994e+06 1.7846e+06 3.1639e+06 2.1399e+06 2.5708e+06 0.0 0.0
  10.0000 2.0808e+06 1.5775e+06 2.8491e+06 1.6038e+06 2.8182e+06 1.9202e+06 2.2968e+06 0.0 0.0
  10.2500 1.8670e+06 1.4214e+06 2.5428e+06 1.4441e+06 2.5157e+06 1.7266e+06 2.0566e+06 0.0 0.0
  10.5000 1.6787e+06 1.2831e+06 2.2744e+06 1.3028e+06 2.2506e+06 1.5555e+06 1.8454e+06 0.0 0.0
  10.7500 1.5123e+06 1.1604e+06 2.0385e+06 1.1775e+06 2.0176e+06 1.4040e+06 1.6593e+06 0.0 0.0
  11.0000 1.3650e+06 1.0511e+06 1.8309e+06 1.0660e+06 1.8124e+06 1.2695e+06 1.4950e+06 0.0 0.0
  11.2500 1.2342e+06 9.5378e+05 1.6477e+06 9.6677e+05 1.6314e+06 1.1499e+06 1.3494e+06 0.0 0.0
  11.5000 1.1180e+06 8.6682e+05 1.4858e+06 8.7818e+05 1.4713e+06 1.0433e+06 1.2203e+06 0.0 0.0
  11.7500 1.0144e+06 7.8900e+05 1.3424e+06 7.9897e+05 1.3295e+06 9.4807e+05 1.1055e+06 0.0 0.0
  12.0000 9.2187e+05 7.1926e+05 1.2151e+06 7.2803e+05 1.2036e+06 8.6291e+05 1.0032e+06 0.0 0.0
  12.2500 8.3914e+05 6.5666e+05 1.1017e+06 6.6439e+05 1.0914e+06 7.8660e+05 9.1185e+05 0.0 0.0
  12.5000 7.6500e+05 6.0038e+05 1.0005e+06 6.0720e+05 9.9130e+05 7.1807e+05 8.3016e+05 0.0 0.0
  12.7500 6.9844e+05 5.4968e+05 9.1002e+05 5.5573e+05 9.0178e+05 6.5645e+05 7.5694e+05 0.0 0.0
  13.0000 6.3859e+05 5.0395e+05 8.2900e+05 5.0932e+05 8.2159e+05 6.0094e+05 6.9121e+05 0.0 0.0
  13.2500 5.8468e+05 4.6262e+05 7.5633e+05 4.6740e+05 7.4965e+05 5.5086e+05 6.3210e+05 0.0 0.0
  13.5000 5.3604e+05 4.2522e+05 6.9103e+05 4.2948e+05 6.8500e+05 5.0560e+05 5.7885e+05 0.0 0.0
  13.7500 4.9208e+05 3.9132e+05 6.3228e+05 3.9512e+05 6.2683e+05 4.6465e+05 5.3081e+05 0.0 0.0
  14.0000 4.5231e+05 3.6054e+05 5.7934e+05 3.6395e+05 5.7440e+05 4.2753e+05 4.8739e+05 0.0 0.0
  14.2500 4.1626e+05 3.3257e+05 5.3155e+05 3.3563e+05 5.2707e+05 3.9385e+05 4.4810e+05 0.0 0.0
  14.5000 3.8354e+05 3.0711e+05 4.8837e+05 3.0986e+05 4.8430e+05 3.6324e+05 4.1248e+05 0.0 0.0
  14.7500 3.5381e+05 2.8392e+05 4.4926e+05 2.8639e+05 4.4556e+05 3.3539e+05 3.8016e+05 0.0 0.0
  15.0000 3.2676e+05 2.6276e+05 4.1379e+05 2.6499e+05 4.1040e+05 3.1001e+05 3.5078e+05 0.0 0.0
  15.2500 3.0210e+05 2.4343e+05 3.8156e+05 2.4544e+05 3.7847e+05 2.8686e+05 3.2404e+05 0.0 0.0
  15.5000 2.7961e+05 2.2576e+05 3.5224e+05 2.2758e+05 3.4942e+05 2.6572e+05 2.9967e+05 0.0 0.0
  15.7500 2.5907e+05 2.0957e+05 3.2555e+05 2.1123e+05 3.2296e+05 2.4639e+05 2.7743e+05 0.0 0.0
  16.0000 2.4028e+05 1.9474e+05 3.0120e+05 1.9624e+05 2.9882e+05 2.2869e+05 2.5712e+05 0.0 0.0
  16.2500 2.2308e+05 1.8113e+05 2.7897e+05 1.8249e+05 2.7679e+05 2.1247e+05 2.3854e+05 0.0 0.0
  16.5000 2.0732e+05 1.6862e+05 2.5864e+05 1.6986e+05 2.5664e+05 1.9759e+05 2.2153e+05 0.0 0.0
  16.7500 1.9285e+05 1.5712e+05 2.4004e+05 1.5825e+05 2.3819e+05 1.8393e+05 2.0593e+05 0.0 0.0
  17.0000 1.7956e+05 1.4653e+05 2.2300e+05 1.4756e+05 2.2129e+05 1.7137e+05 1.9162e+05 0.0 0.0
  17.2500 1.6734e+05 1.3677e+05 2.0737e+05 1.3772e+05 2.0579e+05 1.5981e+05 1.7847e+05 0.0 0.0
  17.5000 1.5610e+05 1.2777e+05 1.9301e+05 1.2863e+05 1.9155e+05 1.4916e+05 1.6638e+05 0.0 0.0
  17.7500 1.4574e+05 1.1946e+05 1.7981e+05 1.2025e+05 1.7846e+05 1.3934e+05 1.5524e+05 0.0 0.0
  18.0000 1.3617e+05 1.1177e+05 1.6766e+05 1.1250e+05 1.6641e+05 1.3027e+05 1.4497e+05 0.0 0.0
  18.2500 1.2733e+05 1.0466e+05 1.5647e+05 1.0533e+05 1.5531e+05 1.2188e+05 1.3548e+05 0.0 0.0
  18.5000 1.1915e+05 9.8075e+04 1.4615e+05 9.8688e+04 1.4507e+05 1.1411e+05 1.2672e+05 0.0 0.0
  18.7500 1.1159e+05 9.1973e+04 1.3662e+05 9.2537e+04 1.3561e+05 1.0692e+05 1.1861e+05 0.0 0.0
  19.0000 1.0458e+05 8.6311e+04 1.2781e+05 8.6831e+04 1.2687e+05 1.0025e+05 1.1111e+05 0.0 0.0
  19.2500 9.8077e+04 8.1055e+04 1.1966e+05 8.1535e+04 1.1879e+05 9.4064e+04 1.0415e+05 0.0 0.0
  19.5000 9.2047e+04 7.6171e+04 1.1212e+05 7.6615e+04 1.1131e+05 8.8321e+04 9.7706e+04 0.0 0.0
  19.7500 8.6448e+04 7.1630e+04 1.0513e+05 7.2040e+04 1.0437e+05 8.2985e+04 9.1723e+04 0.0 0.0
  20.0000 8.1245e+04 6.7403e+04 9.8652e+04 6.7783e+04 9.7942e+04 7.8024e+04 8.6166e+04 0.0 0.0
  20.2500 7.6406e+04 6.3467e+04 9.2636e+04 6.3819e+04 9.1972e+04 7.3408e+04 8.1002e+04 0.0 0.0
  20.5000 7.1904e+04 5.9797e+04 8.7048e+04 6.0124e+04 8.6426e+04 6.9110e+04 7.6199e+04 0.0 0.0
  20.7500 6.7711e+04 5.6375e+04 8.1853e+04 5.6678e+04 8.1270e+04 6.5106e+04 7.1729e+04 0.0 0.0
  21.0000 6.3804e+04 5.3181e+04 7.7019e+04 5.3462e+04 7.6472e+04 6.1373e+04 6.7565e+04 0.0 0.0
  21.2500 6.0161e+04 5.0197e+04 7.2517e+04 5.0459e+04 7.2004e+04 5.7890e+04 6.3684e+04 0.0 0.0
  21.5000 5.6761e+04 4.7408e+04 6.8322e+04 4.7652e+04 6.7840e+04 5.4639e+04 6.0064e+04 0.0 0.0
  21.7500 5.3584e+04 4.4799e+04 6.4410e+04 4.5026e+04 6.3957e+04 5.1600e+04 5.6684e+04 0.0 0.0
  22.0000 5.0615e+04 4.2358e+04 6.0759e+04 4.2569e+04 6.0332e+04 4.8757e+04 5.3526e+04 0.0 0.0
  22.2500 4.7836e+04 4.0071e+04 5.7349e+04 4.0268e+04 5.6947e+04 4.6096e+04 5.0572e+04 0.0 0.0
  22.5000 4.5235e+04 3.7927e+04 5.4162e+04 3.8112e+04 5.3784e+04 4.3603e+04 4.7808e+04 0.0 0.0
  22.7500 4.2799e+04 3.5918e+04 5.1182e+04 3.6090e+04 5.0825e+04 4.1267e+04 4.5220e+04 0.0 0.0
  23.0000 4.0515e+04 3.4032e+04 4.8393e+04 3.4193e+04 4.8056e+04 3.9076e+04 4.2795e+04 0.0 0.0
  23.2500 3.8373e+04 3.2261e+04 4.5781e+04 3.2413e+04 4.5462e+04 3.7021e+04 4.0522e+04 0.0 0.0
  23.5000 3.6362e+04 3.0598e+04 4.3333e+04 3.0740e+04 4.3032e+04 3.5091e+04 3.8389e+04 0.0 0.0
  23.7500 3.4475e+04 2.9034e+04 4.1038e+04 2.9168e+04 4.0753e+04 3.3278e+04 3.6387e+04 0.0 0.0
  24.0000 3.2701e+04 2.7564e+04 3.8884e+04 2.7689e+04 3.8615e+04 3.1574e+04 3.4506e+04 0.0 0.0
  24.2500 3.1033e+04 2.6180e+04 3.6862e+04 2.6298e+04 3.6607e+04 2.9971e+04 3.2739e+04 0.0 0.0
  24.5000 2.9465e+04 2.4878e+04 3.4963e+04 2.4988e+04 3.4721e+04 2.8463e+04 3.1077e+04 0.0 0.0
  24.7500 2.7989e+04 2.3651e+04 3.3177e+04 2.3755e+04 3.2948e+04 2.7044e+04 2.9514e+04 0.0 0.0
  25.0000 2.6598e+04 2.2494e+04 3.1498e+04 2.2592e+04 3.1281e+04 2.5706e+04 2.8042e+04 0.0 0.0
  25.2500 2.5289e+04 2.1404e+04 2.9918e+04 2.1496e+04 2.9712e+04 2.4446e+04 2.6656e+04 0.0 0.0
  25.5000 2.4054e+04 2.0375e+04 2.8430e+04 2.0462e+04 2.8234e+04 2.3258e+04 2.5349e+04 0.0 0.0
  25.7500 2.2890e+04 1.9404e+04 2.7028e+04 1.9486e+04 2.6842e+04 2.2137e+04 2.4118e+04 0.0 0.0
  26.0000 2.1792e+04 1.8487e+04 2.5707e+04 1.8565e+04 2.5530e+04 2.1078e+04 2.2956e+04 0.0 0.0
  26.2500 2.0754e+04 1.7620e+04 2.4461e+04 1.7694e+04 2.4292e+04 2.0079e+04 2.1859e+04 0.0 0.0
  26.5000 1.9774e+04 1.6801e+04 2.3285e+04 1.6870e+04 2.3125e+04 1.9135e+04 2.0823e+04 0.0 0.0
  26.7500 1.8848e+04 1.6025e+04 2.2175e+04 1.6091e+04 2.2022e+04 1.8243e+04 1.9844e+04 0.0 0.0
  27.0000 1.7973e+04 1.5292e+04 2.1126e+04 1.5354e+04 2.0981e+04 1.7398e+04 1.8919e+04 0.0 0.0
  27.2500 1.7145e+04 1.4597e+04 2.0136e+04 1.4656e+04 1.9997e+04 1.6600e+04 1.8044e+04 0.0 0.0
  27.5000 1.6361e+04 1.3938e+04 1.9199e+04 1.3994e+04 1.9067e+04 1.5843e+04 1.7216e+04 0.0 0.0
  27.7500 1.5618e+04 1.3315e+04 1.8313e+04 1.3368e+04 1.8187e+04 1.5127e+04 1.6432e+04 0.0 0.0
  28.0000 1.4915e+04 1.2723e+04 1.7475e+04 1.2773e+04 1.7355e+04 1.4449e+04 1.5690e+04 0.0 0.0
  28.2500 1.4249e+04 1.2162e+04 1.6681e+04 1.2210e+04 1.6567e+04 1.3806e+04 1.4987e+04 0.0 0.0
  28.5000 1.3617e+04 1.1630e+04 1.5930e+04 1.1675e+04 1.5820e+04 1.3196e+04 1.4320e+04 0.0 0.0
  28.7500 1.3018e+04 1.1125e+04 1.5217e+04 1.1168e+04 1.5113e+04 1.2617e+04 1.3688e+04 0.0 0.0
  29.0000 1.2450e+04 1.0645e+04 1.4542e+04 1.0686e+04 1.4442e+04 1.2068e+04 1.3088e+04 0.0 0.0
  29.2500 1.1910e+04 1.0189e+04 1.3902e+04 1.0228e+04 1.3807e+04 1.1547e+04 1.2519e+04 0.0 0.0
  29.5000 1.1398e+04 9.7561e+03 1.3295e+04 9.7930e+03 1.3203e+04 1.1052e+04 1.1979e+04 0.0 0.0
  29.7500 1.0911e+04 9.3444e+03 1.2718e+04 9.3796e+03 1.2631e+04 1.0581e+04 1.1466e+04 0.0 0.0
  30.0000 1.0448e+04 8.9530e+03 1.2170e+04 8.9864e+03 1.2087e+04 1.0134e+04 1.0978e+04 0.0 0.0
  30.2500 1.0008e+04 8.5806e+03 1.1650e+04 8.6125e+03 1.1570e+04 9.7086e+03 1.0514e+04 0.0 0.0
  30.5000 9.5902e+03 8.2262e+03 1.1156e+04 8.2566e+03 1.1079e+04 9.3040e+03 1.0074e+04 0.0 0.0
  30.7500 9.1922e+03 7.8889e+03 1.0686e+04 7.9179e+03 1.0613e+04 8.9191e+03 9.6543e+03 0.0 0.0
  31.0000 8.8134e+03 7.5677e+03 1.0239e+04 7.5953e+03 1.0169e+04 8.5526e+03 9.2552e+03 0.0 0.0
  31.2500 8.4528e+03 7.2617e+03 9.8138e+03 7.2881e+03 9.7466e+03 8.2037e+03 8.8754e+03 0.0 0.0
  31.5000 8.1093e+03 6.9702e+03 9.4091e+03 6.9953e+03 9.3446e+03 7.8713e+03 8.5137e+03 0.0 0.0
  31.7500 7.7820e+03 6.6923e+03 9.0238e+03 6.7163e+03 8.9619e+03 7.5545e+03 8.1691e+03 0.0 0.0
  32.0000 7.4701e+03 6.4272e+03 8.6568e+03 6.4502e+03 8.5975e+03 7.2526e+03 7.8407e+03 0.0 0.0
  32.2500 7.1727e+03 6.1744e+03 8.3072e+03 6.1963e+03 8.2502e+03 6.9646e+03 7.5276e+03 0.0 0.0
  32.5000 6.8890e+03 5.9330e+03 7.9740e+03 5.9540e+03 7.9193e+03 6.6899e+03 7.2291e+03 0.0 0.0
  32.7500 6.6184e+03 5.7026e+03 7.6563e+03 5.7227e+03 7.6038e+03 6.4279e+03 6.9444e+03 0.0 0.0
  33.0000 6.3601e+03 5.4826e+03 7.3534e+03 5.5018e+03 7.3029e+03 6.1777e+03 6.6727e+03 0.0 0.0
  33.2500 6.1136e+03 5.2725e+03 7.0644e+03 5.2908e+03 7.0159e+03 5.9388e+03 6.4133e+03 0.0 0.0
  33.5000 5.8781e+03 5.0716e+03 6.7886e+03 5.0892e+03 6.7420e+03 5.7107e+03 6.1657e+03 0.0 0.0
  33.7500 5.6531e+03 4.8797e+03 6.5254e+03 4.8965e+03 6.4805e+03 5.4927e+03 5.9291e+03 0.0 0.0
  34.0000 5.4382e+03 4.6961e+03 6.2740e+03 4.7123e+03 6.2309e+03 5.2844e+03 5.7032e+03 0.0 0.0
  34.2500 5.2328e+03 4.5206e+03 6.0338e+03 4.5361e+03 5.9924e+03 5.0852e+03 5.4872e+03 0.0 0.0
  34.5000 5.0363e+03 4.3527e+03 5.8044e+03 4.3675e+03 5.7644e+03 4.8948e+03 5.2807e+03 0.0 0.0
  34.7500 4.8484e+03 4.1920e+03 5.5851e+03 4.2062e+03 5.5466e+03 4.7126e+03 5.0832e+03 0.0 0.0
  35.0000 4.6687e+03 4.0382e+03 5.3754e+03 4.0518e+03 5.3384e+03 4.5383e+03 4.8944e+03 0.0 0.0
  35.2500 4.4967e+03 3.8910e+03 5.1748e+03 3.9040e+03 5.1392e+03 4.3715e+03 4.7136e+03 0.0 0.0
  35.5000 4.3320e+03 3.7499e+03 4.9830e+03 3.7625e+03 4.9486e+03 4.2118e+03 4.5406e+03 0.0 0.0
  35.7500 4.1743e+03 3.6148e+03 4.7994e+03 3.6269e+03 4.7663e+03 4.0588e+03 4.3750e+03 0.0 0.0
  36.0000 4.0233e+03 3.4854e+03 4.6236e+03 3.4969e+03 4.5917e+03 3.9123e+03 4.2164e+03 0.0 0.0
  36.2500 3.8787e+03 3.3613e+03 4.4554e+03 3.3724e+03 4.4246e+03 3.7719e+03 4.0645e+03 0.0 0.0
  36.5000 3.7400e+03 3.2423e+03 4.2942e+03 3.2530e+03 4.2645e+03 3.6374e+03 3.9189e+03 0.0 0.0
  36.7500 3.6071e+03 3.1283e+03 4.1398e+03 3.1385e+03 4.1112e+03 3.5084e+03 3.7794e+03 0.0 0.0
  37.0000 3.4797e+03 3.0188e+03 3.9918e+03 3.0287e+03 3.9642e+03 3.3848e+03 3.6456e+03 0.0 0.0
  37.2500 3.3575e+03 2.9139e+03 3.8500e+03 2.9234e+03 3.8233e+03 3.2662e+03 3.5173e+03 0.0 0.0
  37.5000 3.2403e+03 2.8131e+03 3.7140e+03 2.8223e+03 3.6883e+03 3.1523e+03 3.3943e+03 0.0 0.0
  37.7500 3.1278e+03 2.7164e+03 3.5836e+03 2.7252e+03 3.5587e+03 3.0431e+03 3.2762e+03 0.0 0.0
  38.0000 3.0198e+03 2.6236e+03 3.4585e+03 2.6320e+03 3.4345e+03 2.9383e+03 3.1629e+03 0.0 0.0
  38.2500 2.9162e+03 2.5344e+03 3.3384e+03 2.5426e+03 3.3152e+03 2.8377e+03 3.0542e+03 0.0 0.0
  38.5000 2.8167e+03 2.4487e+03 3.2231e+03 2.4566e+03 3.2007e+03 2.7410e+03 2.9498e+03 0.0 0.0
  38.7500 2.7211e+03 2.3665e+03 3.1125e+03 2.3740e+03 3.0909e+03 2.6482e+03 2.8495e+03 0.0 0.0
  39.0000 2.6292e+03 2.2874e+03 3.0063e+03 2.2947e+03 2.9854e+03 2.5590e+03 2.7531e+03 0.0 0.0
  39.2500 2.5410e+03 2.2113e+03 2.9043e+03 2.2184e+03 2.8840e+03 2.4733e+03 2.6606e+03 0.0 0.0
  39.5000 2.4562e+03 2.1382e+03 2.8063e+03 2.1450e+03 2.7867e+03 2.3909e+03 2.5717e+03 0.0 0.0
  39.7500 2.3747e+03 2.0679e+03 2.7121e+03 2.0745e+03 2.6932e+03 2.3117e+03 2.4862e+03 0.0 0.0
  40.0000 2.2963e+03 2.0003e+03 2.6216e+03 2.0066e+03 2.6033e+03 2.2355e+03 2.4039e+03 0.0 0.0
  40.2500 2.2209e+03 1.9352e+03 2.5346e+03 1.9413e+03 2.5169e+03 2.1622e+03 2.3249e+03 0.0 0.0
  40.5000 2.1484e+03 1.8726e+03 2.4510e+03 1.8785e+03 2.4338e+03 2.0918e+03 2.2489e+03 0.0 0.0
  40.7500 2.0786e+03 1.8123e+03 2.3706e+03 1.8180e+03 2.3539e+03 2.0240e+03 2.1757e+03 0.0 0.0
  41.0000 2.0115e+03 1.7543e+03 2.2932e+03 1.7598e+03 2.2771e+03 1.9587e+03 2.1053e+03 0.0 0.0
  41.2500 1.9468e+03 1.6984e+03 2.2187e+03 1.7037e+03 2.2032e+03 1.8958e+03 2.0376e+03 0.0 0.0
  41.5000 1.8846e+03 1.6446e+03 2.1471e+03 1.6497e+03 2.1320e+03 1.8353e+03 1.9723e+03 0.0 0.0
  41.7500 1.8247e+03 1.5928e+03 2.0781e+03 1.5977e+03 2.0635e+03 1.7771e+03 1.9095e+03 0.0 0.0
  42.0000 1.7670e+03 1.5428e+03 2.0117e+03 1.5476e+03 1.9976e+03 1.7210e+03 1.8490e+03 0.0 0.0
  42.2500 1.7113e+03 1.4947e+03 1.9478e+03 1.4993e+03 1.9341e+03 1.6669e+03 1.7908e+03 0.0 0.0
  42.5000 1.6578e+03 1.4483e+03 1.8862e+03 1.4527e+03 1.8729e+03 1.6148e+03 1.7346e+03 0.0 0.0
  42.7500 1.6061e+03 1.4035e+03 1.8269e+03 1.4079e+03 1.8140e+03 1.5646e+03 1.6805e+03 0.0 0.0
  43.0000 1.5563e+03 1.3604e+03 1.7697e+03 1.3646e+03 1.7572e+03 1.5161e+03 1.6283e+03 0.0 0.0
  43.2500 1.5083e+03 1.3188e+03 1.7146e+03 1.3228e+03 1.7025e+03 1.4695e+03 1.5780e+03 0.0 0.0
  43.5000 1.4621e+03 1.2787e+03 1.6615e+03 1.2826e+03 1.6497e+03 1.4244e+03 1.5296e+03 0.0 0.0
  43.7500 1.4174e+03 1.2399e+03 1.6103e+03 1.2437e+03 1.5989e+03 1.3810e+03 1.4828e+03 0.0 0.0
  44.0000 1.3744e+03 1.2026e+03 1.5609e+03 1.2062e+03 1.5498e+03 1.3391e+03 1.4377e+03 0.0 0.0
  44.2500 1.3328e+03 1.1665e+03 1.5133e+03 1.1701e+03 1.5025e+03 1.2987e+03 1.3942e+03 0.0 0.0
  44.5000 1.2927e+03 1.1317e+03 1.4673e+03 1.1351e+03 1.4569e+03 1.2597e+03 1.3522e+03 0.0 0.0
  44.7500 1.2540e+03 1.0981e+03 1.4230e+03 1.1014e+03 1.4129e+03 1.2220e+03 1.3117e+03 0.0 0.0
  45.0000 1.2167e+03 1.0656e+03 1.3802e+03 1.0688e+03 1.3704e+03 1.1857e+03 1.2725e+03 0.0 0.0
  45.2500 1.1806e+03 1.0343e+03 1.3389e+03 1.0374e+03 1.3294e+03 1.1505e+03 1.2347e+03 0.0 0.0
  45.5000 1.1457e+03 1.0040e+03 1.2990e+03 1.0070e+03 1.2898e+03 1.1166e+03 1.1982e+03 0.0 0.0
  45.7500 1.1121e+03 9.7475e+02 1.2605e+03 9.7767e+02 1.2515e+03 1.0839e+03 1.1630e+03 0.0 0.0
  46.0000 1.0796e+03 9.4647e+02 1.2234e+03 9.4931e+02 1.2146e+03 1.0522e+03 1.1290e+03 0.0 0.0
  46.2500 1.0481e+03 9.1915e+02 1.1874e+03 9.2190e+02 1.1789e+03 1.0216e+03 1.0961e+03 0.0 0.0
  46.5000 1.0178e+03 8.9273e+02 1.1527e+03 8.9540e+02 1.1445e+03 9.9209e+02 1.0643e+03 0.0 0.0
  46.7500 9.8843e+02 8.6720e+02 1.1192e+03 8.6978e+02 1.1112e+03 9.6352e+02 1.0336e+03 0.0 0.0
  47.0000 9.6006e+02 8.4250e+02 1.0868e+03 8.4501e+02 1.0790e+03 9.3590e+02 1.0039e+03 0.0 0.0
  47.2500 9.3263e+02 8.1862e+02 1.0555e+03 8.2106e+02 1.0479e+03 9.0919e+02 9.7516e+02 0.0 0.0
  47.5000 9.0611e+02 7.9552e+02 1.0252e+03 7.9789e+02 1.0178e+03 8.8337e+02 9.4740e+02 0.0 0.0
  47.7500 8.8046e+02 7.7317e+02 9.9592e+02 7.7547e+02 9.8874e+02 8.5839e+02 9.2055e+02 0.0 0.0
  48.0000 8.5565e+02 7.5155e+02 9.6762e+02 7.5378e+02 9.6063e+02 8.3423e+02 8.9458e+02 0.0 0.0
  48.2500 8.3164e+02 7.3063e+02 9.4024e+02 7.3279e+02 9.3344e+02 8.1085e+02 8.6946e+02 0.0 0.0
  48.5000 8.0841e+02 7.1037e+02 9.1376e+02 7.1248e+02 9.0715e+02 7.8823e+02 8.4515e+02 0.0 0.0
  48.7500 7.8594e+02 6.9077e+02 8.8814e+02 6.9281e+02 8.8171e+02 7.6634e+02 8.2162e+02 0.0 0.0
  49.0000 7.6418e+02 6.7179e+02 8.6335e+02 6.7377e+02 8.5709e+02 7.4515e+02 7.9886e+02 0.0 0.0
  49.2500 7.4312e+02 6.5341e+02 8.3936e+02 6.5534e+02 8.3327e+02 7.2463e+02 7.7682e+02 0.0 0.0
  49.5000 7.2273e+02 6.3561e+02 8.1614e+02 6.3748e+02 8.1022e+02 7.0477e+02 7.5548e+02 0.0 0.0
  49.7500 7.0298e+02 6.1837e+02 7.9367e+02 6.2019e+02 7.8790e+02 6.8554e+02 7.3482e+02 0.0 0.0
  50.0000 6.8386e+02 6.0167e+02 7.7191e+02 6.0344e+02 7.6629e+02 6.6691e+02 7.1481e+02 0.0 0.0
  50.2500 6.6534e+02 5.8549e+02 7.5083e+02 5.8721e+02 7.4537e+02 6.4887e+02 6.9543e+02 0.0 0.0
  50.5000 6.4739e+02 5.6981e+02 7.3043e+02 5.7148e+02 7.2510e+02 6.3139e+02 6.7665e+02 0.0 0.0
  50.7500 6.3001e+02 5.5462e+02 7.1066e+02 5.5624e+02 7.0547e+02 6.1445e+02 6.5846e+02 0.0 0.0
  51.0000 6.1316e+02 5.3989e+02 6.9151e+02 5.4147e+02 6.8646e+02 5.9804e+02 6.4084e+02 0.0 0.0
  51.2500 5.9684e+02 5.2562e+02 6.7296e+02 5.2715e+02 6.6804e+02 5.8213e+02 6.2376e+02 0.0 0.0
  51.5000 5.8101e+02 5.1178e+02 6.5498e+02 5.1327e+02 6.5018e+02 5.6671e+02 6.0720e+02 0.0 0.0
  51.7500 5.6567e+02 4.9835e+02 6.3755e+02 4.9981e+02 6.3288e+02 5.5176e+02 5.9115e+02 0.0 0.0
  52.0000 5.5079e+02 4.8534e+02 6.2066e+02 4.8675e+02 6.1611e+02 5.3727e+02 5.7559e+02 0.0 0.0
  52.2500 5.3637e+02 4.7272e+02 6.0429e+02 4.7409e+02 5.9985e+02 5.2322e+02 5.6051e+02 0.0 0.0
  52.5000 5.2238e+02 4.6047e+02 5.8841e+02 4.6181e+02 5.8409e+02 5.0958e+02 5.4587e+02 0.0 0.0
  52.7500 5.0881e+02 4.4859e+02 5.7302e+02 4.4989e+02 5.6880e+02 4.9636e+02 5.3168e+02 0.0 0.0
  53.0000 4.9565e+02 4.3706e+02 5.5809e+02 4.3833e+02 5.5398e+02 4.8354e+02 5.1792e+02 0.0 0.0
  53.2500 4.8288e+02 4.2588e+02 5.4360e+02 4.2711e+02 5.3960e+02 4.7109e+02 5.0456e+02 0.0 0.0
  53.5000 4.7049e+02 4.1502e+02 5.2955e+02 4.1622e+02 5.2565e+02 4.5901e+02 4.9160e+02 0.0 0.0
  53.7500 4.5846e+02 4.0443e+02 5.1592e+02 4.0559e+02 5.1212e+02 4.4730e+02 4.7903e+02 0.0 0.0
  54.0000 4.4679e+02 3.9413e+02 5.0270e+02 3.9527e+02 4.9899e+02 4.3592e+02 4.6682e+02 0.0 0.0
  54.2500 4.3546e+02 3.8414e+02 4.8986e+02 3.8525e+02 4.8624e+02 4.2488e+02 4.5497e+02 0.0 0.0
  54.5000 4.2447e+02 3.7444e+02 4.7740e+02 3.7551e+02 4.7387e+02 4.1416e+02 4.4347e+02 0.0 0.0
  54.7500 4.1379e+02 3.6502e+02 4.6530e+02 3.6607e+02 4.6186e+02 4.0375e+02 4.3231e+02 0.0 0.0
  55.0000 4.0342e+02 3.5588e+02 4.5356e+02 3.5689e+02 4.5020e+02 3.9364e+02 4.2146e+02 0.0 0.0
  55.2500 3.9335e+02 3.4699e+02 4.4216e+02 3.4798e+02 4.3888e+02 3.8383e+02 4.1093e+02 0.0 0.0
  55.5000 3.8356e+02 3.3837e+02 4.3109e+02 3.3933e+02 4.2789e+02 3.7429e+02 4.0071e+02 0.0 0.0
  55.7500 3.7406e+02 3.2998e+02 4.2034e+02 3.3092e+02 4.1721e+02 3.6503e+02 3.9077e+02 0.0 0.0
  56.0000 3.6483e+02 3.2184e+02 4.0991e+02 3.2275e+02 4.0686e+02 3.5603e+02 3.8112e+02 0.0 0.0
  56.2500 3.5586e+02 3.1393e+02 3.9979e+02 3.1482e+02 3.9682e+02 3.4728e+02 3.7174e+02 0.0 0.0
  56.5000 3.4714e+02 3.0624e+02 3.8996e+02 3.0711e+02 3.8706e+02 3.3879e+02 3.6263e+02 0.0 0.0
  56.7500 3.3867e+02 2.9877e+02 3.8040e+02 2.9961e+02 3.7757e+02 3.3053e+02 3.5378e+02 0.0 0.0
  57.0000 3.3044e+02 2.9151e+02 3.7112e+02 2.9232e+02 3.6835e+02 3.2250e+02 3.4517e+02 0.0 0.0
  57.2500 3.2243e+02 2.8445e+02 3.6209e+02 2.8524e+02 3.5939e+02 3.1470e+02 3.3681e+02 0.0 0.0
  57.5000 3.1465e+02 2.7758e+02 3.5332e+02 2.7836e+02 3.5069e+02 3.0711e+02 3.2867e+02 0.0 0.0
  57.7500 3.0708e+02 2.7091e+02 3.4479e+02 2.7167e+02 3.4222e+02 2.9974e+02 3.2077e+02 0.0 0.0
  58.0000 2.9973e+02 2.6442e+02 3.3650e+02 2.6516e+02 3.3399e+02 2.9256e+02 3.1308e+02 0.0 0.0
  58.2500 2.9258e+02 2.5811e+02 3.2844e+02 2.5883e+02 3.2599e+02 2.8559e+02 3.0561e+02 0.0 0.0
  58.5000 2.8562e+02 2.5198e+02 3.2060e+02 2.5268e+02 3.1821e+02 2.7881e+02 2.9833e+02 0.0 0.0
  58.7500 2.7885e+02 2.4601e+02 3.1298e+02 2.4669e+02 3.1064e+02 2.7221e+02 2.9126e+02 0.0 0.0
  59.0000 2.7227e+02 2.4020e+02 3.0556e+02 2.4086e+02 3.0328e+02 2.6579e+02 2.8439e+02 0.0 0.0
  59.2500 2.6587e+02 2.3455e+02 2.9835e+02 2.3520e+02 2.9612e+02 2.5955e+02 2.7770e+02 0.0 0.0
  59.5000 2.5964e+02 2.2906e+02 2.9133e+02 2.2969e+02 2.8915e+02 2.5347e+02 2.7119e+02 0.0 0.0
  59.7500 2.5357e+02 2.2371e+02 2.8451e+02 2.2432e+02 2.8238e+02 2.4756e+02 2.6485e+02 0.0 0.0
  60.0000 2.4768e+02 2.1851e+02 2.7786e+02 2.1910e+02 2.7578e+02 2.4181e+02 2.5869e+02 0.0 0.0
  60.2500 2.4193e+02 2.1344e+02 2.7140e+02 2.1402e+02 2.6937e+02 2.3621e+02 2.5269e+02 0.0 0.0
  60.5000 2.3634e+02 2.0851e+02 2.6511e+02 2.0908e+02 2.6312e+02 2.3076e+02 2.4685e+02 0.0 0.0
  60.7500 2.3090e+02 2.0371e+02 2.5898e+02 2.0426e+02 2.5704e+02 2.2545e+02 2.4117e+02 0.0 0.0
  61.0000 2.2561e+02 1.9904e+02 2.5302e+02 1.9958e+02 2.5112e+02 2.2029e+02 2.3563e+02 0.0 0.0
  61.2500 2.2045e+02 1.9449e+02 2.4722e+02 1.9501e+02 2.4536e+02 2.1526e+02 2.3025e+02 0.0 0.0
  61.5000 2.1543e+02 1.9006e+02 2.4157e+02 1.9057e+02 2.3975e+02 2.1036e+02 2.2500e+02 0.0 0.0
  61.7500 2.1054e+02 1.8574e+02 2.3607e+02 1.8624e+02 2.3429e+02 2.0559e+02 2.1989e+02 0.0 0.0
  62.0000 2.0578e+02 1.8154e+02 2.3071e+02 1.8203e+02 2.2897e+02 2.0095e+02 2.1492e+02 0.0 0.0
  62.2500 2.0114e+02 1.7745e+02 2.2549e+02 1.7793e+02 2.2379e+02 1.9642e+02 2.1007e+02 0.0 0.0
  62.5000 1.9662e+02 1.7346e+02 2.2041e+02 1.7393e+02 2.1875e+02 1.9201e+02 2.0535e+02 0.0 0.0
  62.7500 1.9222e+02 1.6958e+02 2.1546e+02 1.7003e+02 2.1384e+02 1.8772e+02 2.0075e+02 0.0 0.0
  63.0000 1.8793e+02 1.6580e+02 2.1064e+02 1.6624e+02 2.0905e+02 1.8354e+02 1.9627e+02 0.0 0.0
  63.2500 1.8375e+02 1.6211e+02 2.0594e+02 1.6254e+02 2.0438e+02 1.7946e+02 1.9191e+02 0.0 0.0
  63.5000 1.7968e+02 1.5852e+02 2.0136e+02 1.5894e+02 1.9984e+02 1.7549e+02 1.8766e+02 0.0 0.0
  63.7500 1.7571e+02 1.5502e+02 1.9690e+02 1.5542e+02 1.9541e+02 1.7162e+02 1.8351e+02 0.0 0.0
  64.0000 1.7184e+02 1.5160e+02 1.9255e+02 1.5200e+02 1.9109e+02 1.6784e+02 1.7947e+02 0.0 0.0
  64.2500 1.6807e+02 1.4828e+02 1.8831e+02 1.4866e+02 1.8689e+02 1.6416e+02 1.7553e+02 0.0 0.0
  64.5000 1.6439e+02 1.4503e+02 1.8418e+02 1.4541e+02 1.8279e+02 1.6058e+02 1.7169e+02 0.0 0.0
  64.7500 1.6081e+02 1.4187e+02 1.8016e+02 1.4224e+02 1.7879e+02 1.5708e+02 1.6795e+02 0.0 0.0
  65.0000 1.5731e+02 1.3879e+02 1.7623e+02 1.3915e+02 1.7489e+02 1.5367e+02 1.6430e+02 0.0 0.0
  65.2500 1.5391e+02 1.3578e+02 1.7240e+02 1.3614e+02 1.7109e+02 1.5035e+02 1.6074e+02 0.0 0.0
  65.5000 1.5059e+02 1.3285e+02 1.6867e+02 1.3320e+02 1.6739e+02 1.4711e+02 1.5727e+02 0.0 0.0
  65.7500 1.4735e+02 1.2999e+02 1.6503e+02 1.3033e+02 1.6378e+02 1.4395e+02 1.5389e+02 0.0 0.0
  66.0000 1.4419e+02 1.2721e+02 1.6148e+02 1.2753e+02 1.6025e+02 1.4087e+02 1.5059e+02 0.0 0.0
  66.2500 1.4110e+02 1.2449e+02 1.5802e+02 1.2481e+02 1.5682e+02 1.3786e+02 1.4737e+02 0.0 0.0
  66.5000 1.3810e+02 1.2183e+02 1.5465e+02 1.2215e+02 1.5347e+02 1.3492e+02 1.4423e+02 0.0 0.0
  66.7500 1.3517e+02 1.1925e+02 1.5135e+02 1.1955e+02 1.5020e+02 1.3206e+02 1.4117e+02 0.0 0.0
  67.0000 1.3230e+02 1.1672e+02 1.4814e+02 1.1702e+02 1.4701e+02 1.2927e+02 1.3818e+02 0.0 0.0
  67.2500 1.2951e+02 1.1426e+02 1.4500e+02 1.1455e+02 1.4390e+02 1.2654e+02 1.3526e+02 0.0 0.0
  67.5000 1.2679e+02 1.1185e+02 1.4194e+02 1.1214e+02 1.4086e+02 1.2388e+02 1.3242e+02 0.0 0.0
  67.7500 1.2413e+02 1.0951e+02 1.3896e+02 1.0979e+02 1.3790e+02 1.2129e+02 1.2964e+02 0.0 0.0
  68.0000 1.2153e+02 1.0722e+02 1.3605e+02 1.0749e+02 1.3500e+02 1.1875e+02 1.2693e+02 0.0 0.0
  68.2500 1.1900e+02 1.0498e+02 1.3320e+02 1.0525e+02 1.3218e+02 1.1628e+02 1.2428e+02 0.0 0.0
  68.5000 1.1653e+02 1.0280e+02 1.3043e+02 1.0306e+02 1.2943e+02 1.1387e+02 1.2170e+02 0.0 0.0
  68.7500 1.1411e+02 1.0067e+02 1.2772e+02 1.0092e+02 1.2674e+02 1.1151e+02 1.1918e+02 0.0 0.0
  69.0000 1.1176e+02 9.8592e+01 1.2507e+02 9.8840e+01 1.2411e+02 1.0921e+02 1.1672e+02 0.0 0.0
  69.2500 1.0946e+02 9.6562e+01 1.2249e+02 9.6805e+01 1.2155e+02 1.0697e+02 1.1432e+02 0.0 0.0
  69.5000 1.0721e+02 9.4579e+01 1.1997e+02 9.4817e+01 1.1905e+02 1.0477e+02 1.1197e+02 0.0 0.0
  69.7500 1.0502e+02 9.2644e+01 1.1751e+02 9.2876e+01 1.1661e+02 1.0263e+02 1.0968e+02 0.0 0.0
  70.0000 1.0287e+02 9.0754e+01 1.1511e+02 9.0981e+01 1.1422e+02 1.0054e+02 1.0744e+02 0.0 0.0
  70.2500 1.0078e+02 8.8908e+01 1.1276e+02 8.9130e+01 1.1189e+02 9.8495e+01 1.0526e+02 0.0 0.0
  70.5000 9.8738e+01 8.7105e+01 1.1047e+02 8.7322e+01 1.0962e+02 9.6500e+01 1.0312e+02 0.0 0.0
  70.7500 9.6743e+01 8.5344e+01 1.0823e+02 8.5557e+01 1.0739e+02 9.4551e+01 1.0104e+02 0.0 0.0
  71.0000 9.4793e+01 8.3624e+01 1.0604e+02 8.3832e+01 1.0522e+02 9.2647e+01 9.9002e+01 0.0 0.0
  71.2500 9.2889e+01 8.1944e+01 1.0391e+02 8.2147e+01 1.0311e+02 9.0787e+01 9.7013e+01 0.0 0.0
  71.5000 9.1029e+01 8.0302e+01 1.0182e+02 8.0501e+01 1.0103e+02 8.8970e+01 9.5070e+01 0.0 0.0
  71.7500 8.9211e+01 7.8698e+01 9.9782e+01 7.8893e+01 9.9012e+01 8.7194e+01 9.3171e+01 0.0 0.0
  72.0000 8.7435e+01 7.7131e+01 9.7790e+01 7.7322e+01 9.7035e+01 8.5459e+01 9.1316e+01 0.0 0.0
  72.2500 8.5700e+01 7.5599e+01 9.5844e+01 7.5787e+01 9.5104e+01 8.3764e+01 8.9503e+01 0.0 0.0
  72.5000 8.4004e+01 7.4103e+01 9.3943e+01 7.4286e+01 9.3217e+01 8.2107e+01 8.7731e+01 0.0 0.0
  72.7500 8.2346e+01 7.2640e+01 9.2084e+01 7.2820e+01 9.1373e+01 8.0488e+01 8.5999e+01 0.0 0.0
  73.0000 8.0726e+01 7.1211e+01 9.0268e+01 7.1386e+01 8.9571e+01 7.8905e+01 8.4307e+01 0.0 0.0
  73.2500 7.9143e+01 6.9813e+01 8.8493e+01 6.9986e+01 8.7809e+01 7.7358e+01 8.2652e+01 0.0 0.0
  73.5000 7.7595e+01 6.8447e+01 8.6758e+01 6.8616e+01 8.6088e+01 7.5846e+01 8.1035e+01 0.0 0.0
  73.7500 7.6082e+01 6.7112e+01 8.5062e+01 6.7277e+01 8.4404e+01 7.4367e+01 7.9454e+01 0.0 0.0
  74.0000 7.4603e+01 6.5806e+01 8.3404e+01 6.5969e+01 8.2759e+01 7.2921e+01 7.7909e+01 0.0 0.0
  74.2500 7.3156e+01 6.4530e+01 8.1783e+01 6.4689e+01 8.1151e+01 7.1508e+01 7.6397e+01 0.0 0.0
  74.5000 7.1742e+01 6.3282e+01 8.0198e+01 6.3438e+01 7.9578e+01 7.0126e+01 7.4920e+01 0.0 0.0
  74.7500 7.0359e+01 6.2062e+01 7.8648e+01 6.2214e+01 7.8040e+01 6.8775e+01 7.3475e+01 0.0 0.0
  75.0000 6.9007e+01 6.0868e+01 7.7133e+01 6.1018e+01 7.6536e+01 6.7453e+01 7.2062e+01 0.0 0.0
  75.2500 6.7684e+01 5.9701e+01 7.5650e+01 5.9848e+01 7.5066e+01 6.6160e+01 7.0680e+01 0.0 0.0
  75.5000 6.6391e+01 5.8559e+01 7.4201e+01 5.8703e+01 7.3628e+01 6.4896e+01 6.9328e+01 0.0 0.0
  75.7500 6.5125e+01 5.7443e+01 7.2784e+01 5.7584e+01 7.2221e+01 6.3660e+01 6.8006e+01 0.0 0.0
  76.0000 6.3888e+01 5.6351e+01 7.1397e+01 5.6489e+01 7.0845e+01 6.2450e+01 6.6713e+01 0.0 0.0
  76.2500 6.2677e+01 5.5282e+01 7.0041e+01 5.5418e+01 6.9499e+01 6.1266e+01 6.5448e+01 0.0 0.0
  76.5000 6.1493e+01 5.4237e+01 6.8714e+01 5.4370e+01 6.8183e+01 6.0109e+01 6.4210e+01 0.0 0.0
  76.7500 6.0334e+01 5.3214e+01 6.7416e+01 5.3345e+01 6.6895e+01 5.8976e+01 6.2999e+01 0.0 0.0
  77.0000 5.9200e+01 5.2214e+01 6.6146e+01 5.2342e+01 6.5635e+01 5.7867e+01 6.1815e+01 0.0 0.0
  77.2500 5.8091e+01 5.1234e+01 6.4903e+01 5.1360e+01 6.4402e+01 5.6783e+01 6.0655e+01 0.0 0.0
  77.5000 5.7005e+01 5.0276e+01 6.3687e+01 5.0400e+01 6.3196e+01 5.5722e+01 5.9521e+01 0.0 0.0
  77.7500 5.5943e+01 4.9339e+01 6.2497e+01 4.9460e+01 6.2015e+01 5.4683e+01 5.8411e+01 0.0 0.0
  78.0000 5.4903e+01 4.8421e+01 6.1333e+01 4.8540e+01 6.0860e+01 5.3667e+01 5.7324e+01 0.0 0.0
  78.2500 5.3885e+01 4.7523e+01 6.0193e+01 4.7640e+01 5.9729e+01 5.2672e+01 5.6261e+01 0.0 0.0
  78.5000 5.2889e+01 4.6644e+01 5.9078e+01 4.6758e+01 5.8622e+01 5.1698e+01 5.5220e+01 0.0 0.0
  78.7500 5.1914e+01 4.5783e+01 5.7986e+01 4.5896e+01 5.7539e+01 5.0745e+01 5.4201e+01 0.0 0.0
  79.0000 5.0959e+01 4.4941e+01 5.6917e+01 4.5051e+01 5.6478e+01 4.9811e+01 5.3203e+01 0.0 0.0
  79.2500 5.0025e+01 4.4116e+01 5.5871e+01 4.4225e+01 5.5441e+01 4.8898e+01 5.2227e+01 0.0 0.0
  79.5000 4.9110e+01 4.3309e+01 5.4847e+01 4.3415e+01 5.4424e+01 4.8003e+01 5.1271e+01 0.0 0.0
  79.7500 4.8214e+01 4.2518e+01 5.3844e+01 4.2623e+01 5.3429e+01 4.7127e+01 5.0335e+01 0.0 0.0
  80.0000 4.7337e+01 4.1744e+01 5.2862e+01 4.1847e+01 5.2455e+01 4.6270e+01 4.9419e+01 0.0 0.0
  80.2500 4.6478e+01 4.0986e+01 5.1901e+01 4.1087e+01 5.1501e+01 4.5430e+01 4.8521e+01 0.0 0.0
  80.5000 4.5637e+01 4.0244e+01 5.0959e+01 4.0343e+01 5.0567e+01 4.4608e+01 4.7642e+01 0.0 0.0
  80.7500 4.4813e+01 3.9517e+01 5.0037e+01 3.9614e+01 4.9652e+01 4.3802e+01 4.6782e+01 0.0 0.0
  81.0000 4.4006e+01 3.8805e+01 4.9135e+01 3.8901e+01 4.8757e+01 4.3014e+01 4.5939e+01 0.0 0.0
  81.2500 4.3216e+01 3.8108e+01 4.8250e+01 3.8202e+01 4.7879e+01 4.2241e+01 4.5113e+01 0.0 0.0
  81.5000 4.2442e+01 3.7425e+01 4.7384e+01 3.7517e+01 4.7020e+01 4.1484e+01 4.4305e+01 0.0 0.0
  81.7500 4.1684e+01 3.6756e+01 4.6536e+01 3.6846e+01 4.6178e+01 4.0743e+01 4.3513e+01 0.0 0.0
  82.0000 4.0941e+01 3.6100e+01 4.5704e+01 3.6189e+01 4.5353e+01 4.0017e+01 4.2737e+01 0.0 0.0
  82.2500 4.0214e+01 3.5458e+01 4.4890e+01 3.5546e+01 4.4545e+01 3.9305e+01 4.1977e+01 0.0 0.0
  82.5000 3.9501e+01 3.4829e+01 4.4093e+01 3.4915e+01 4.3754e+01 3.8608e+01 4.1232e+01 0.0 0.0
  82.7500 3.8802e+01 3.4213e+01 4.3311e+01 3.4297e+01 4.2978e+01 3.7925e+01 4.0502e+01 0.0 0.0
  83.0000 3.8117e+01 3.3609e+01 4.2545e+01 3.3692e+01 4.2219e+01 3.7256e+01 3.9787e+01 0.0 0.0
  83.2500 3.7447e+01 3.3017e+01 4.1795e+01 3.3099e+01 4.1474e+01 3.6600e+01 3.9087e+01 0.0 0.0
  83.5000 3.6790e+01 3.2437e+01 4.1060e+01 3.2517e+01 4.0745e+01 3.5958e+01 3.8400e+01 0.0 0.0
  83.7500 3.6145e+01 3.1869e+01 4.0339e+01 3.1947e+01 4.0030e+01 3.5328e+01 3.7727e+01 0.0 0.0
  84.0000 3.5514e+01 3.1311e+01 3.9633e+01 3.1389e+01 3.9329e+01 3.4711e+01 3.7068e+01 0.0 0.0
  84.2500 3.4895e+01 3.0766e+01 3.8941e+01 3.0842e+01 3.8642e+01 3.4106e+01 3.6422e+01 0.0 0.0
  84.5000 3.4289e+01 3.0230e+01 3.8263e+01 3.0305e+01 3.7969e+01 3.3513e+01 3.5788e+01 0.0 0.0
  84.7500 3.3694e+01 2.9706e+01 3.7598e+01 2.9779e+01 3.7309e+01 3.2932e+01 3.5167e+01 0.0 0.0
  85.0000 3.3112e+01 2.9192e+01 3.6946e+01 2.9264e+01 3.6663e+01 3.2362e+01 3.4559e+01 0.0 0.0
  85.2500 3.2540e+01 2.8688e+01 3.6307e+01 2.8759e+01 3.6029e+01 3.1803e+01 3.3962e+01 0.0 0.0
  85.5000 3.1980e+01 2.8194e+01 3.5681e+01 2.8264e+01 3.5407e+01 3.1256e+01 3.3377e+01 0.0 0.0
  85.7500 3.1431e+01 2.7709e+01 3.5067e+01 2.7778e+01 3.4798e+01 3.0719e+01 3.2804e+01 0.0 0.0
  86.0000 3.0893e+01 2.7234e+01 3.4466e+01 2.7302e+01 3.4201e+01 3.0193e+01 3.2242e+01 0.0 0.0
  86.2500 3.0365e+01 2.6769e+01 3.3875e+01 2.6835e+01 3.3615e+01 2.9677e+01 3.1691e+01 0.0 0.0
  86.5000 2.9848e+01 2.6312e+01 3.3297e+01 2.6377e+01 3.3041e+01 2.9171e+01 3.1151e+01 0.0 0.0
  86.7500 2.9340e+01 2.5864e+01 3.2730e+01 2.5928e+01 3.2478e+01 2.8675e+01 3.0621e+01 0.0 0.0
  87.0000 2.8842e+01 2.5425e+01 3.2173e+01 2.5488e+01 3.1926e+01 2.8189e+01 3.0101e+01 0.0 0.0
  87.2500 2.8354e+01 2.4995e+01 3.1628e+01 2.5056e+01 3.1385e+01 2.7712e+01 2.9591e+01 0.0 0.0
  87.5000 2.7875e+01 2.4572e+01 3.1093e+01 2.4633e+01 3.0854e+01 2.7244e+01 2.9092e+01 0.0 0.0
  87.7500 2.7406e+01 2.4158e+01 3.0568e+01 2.4218e+01 3.0333e+01 2.6785e+01 2.8602e+01 0.0 0.0
  88.0000 2.6945e+01 2.3752e+01 3.0053e+01 2.3811e+01 2.9823e+01 2.6335e+01 2.8121e+01 0.0 0.0
  88.2500 2.6494e+01 2.3353e+01 2.9549e+01 2.3411e+01 2.9322e+01 2.5894e+01 2.7649e+01 0.0 0.0
  88.5000 2.6051e+01 2.2963e+01 2.9054e+01 2.3019e+01 2.8830e+01 2.5461e+01 2.7187e+01 0.0 0.0
  88.7500 2.5616e+01 2.2579e+01 2.8568e+01 2.2635e+01 2.8349e+01 2.5036e+01 2.6733e+01 0.0 0.0
  89.0000 2.5190e+01 2.2203e+01 2.8092e+01 2.2258e+01 2.7876e+01 2.4619e+01 2.6288e+01 0.0 0.0
  89.2500 2.4771e+01 2.1834e+01 2.7624e+01 2.1888e+01 2.7412e+01 2.4211e+01 2.5852e+01 0.0 0.0
  89.5000 2.4361e+01 2.1472e+01 2.7166e+01 2.1525e+01 2.6957e+01 2.3809e+01 2.5423e+01 0.0 0.0
  89.7500 2.3958e+01 2.1117e+01 2.6716e+01 2.1169e+01 2.6511e+01 2.3416e+01 2.5003e+01 0.0 0.0
  90.0000 2.3563e+01 2.0768e+01 2.6275e+01 2.0820e+01 2.6073e+01 2.3030e+01 2.4590e+01 0.0 0.0
  90.2500 2.3175e+01 2.0426e+01 2.5842e+01 2.0477e+01 2.5643e+01 2.2651e+01 2.4186e+01 0.0 0.0
  90.5000 2.2795e+01 2.0091e+01 2.5417e+01 2.0140e+01 2.5221e+01 2.2279e+01 2.3789e+01 0.0 0.0
  90.7500 2.2422e+01 1.9761e+01 2.5000e+01 1.9810e+01 2.4807e+01 2.1915e+01 2.3399e+01 0.0 0.0
  91.0000 2.2055e+01 1.9438e+01 2.4591e+01 1.9486e+01 2.4401e+01 2.1557e+01 2.3017e+01 0.0 0.0
  91.2500 2.1696e+01 1.9121e+01 2.4189e+01 1.9168e+01 2.4003e+01 2.1205e+01 2.2642e+01 0.0 0.0
  91.5000 2.1343e+01 1.8810e+01 2.3795e+01 1.8856e+01 2.3612e+01 2.0860e+01 2.2273e+01 0.0 0.0
  91.7500 2.0996e+01 1.8504e+01 2.3408e+01 1.8550e+01 2.3228e+01 2.0522e+01 2.1912e+01 0.0 0.0
  92.0000 2.0656e+01 1.8205e+01 2.3029e+01 1.8249e+01 2.2851e+01 2.0190e+01 2.1557e+01 0.0 0.0
  92.2500 2.0323e+01 1.7910e+01 2.2656e+01 1.7954e+01 2.2481e+01 1.9864e+01 2.1209e+01 0.0 0.0
  92.5000 1.9995e+01 1.7621e+01 2.2290e+01 1.7665e+01 2.2118e+01 1.9544e+01 2.0867e+01 0.0 0.0
  92.7500 1.9673e+01 1.7338e+01 2.1931e+01 1.7380e+01 2.1762e+01 1.9230e+01 2.0531e+01 0.0 0.0
  93.0000 1.9358e+01 1.7059e+01 2.1579e+01 1.7101e+01 2.1412e+01 1.8921e+01 2.0202e+01 0.0 0.0
  93.2500 1.9047e+01 1.6786e+01 2.1233e+01 1.6827e+01 2.1069e+01 1.8618e+01 1.9878e+01 0.0 0.0
  93.5000 1.8743e+01 1.6517e+01 2.0893e+01 1.6558e+01 2.0731e+01 1.8321e+01 1.9561e+01 0.0 0.0
  93.7500 1.8444e+01 1.6254e+01 2.0559e+01 1.6294e+01 2.0400e+01 1.8029e+01 1.9249e+01 0.0 0.0
  94.0000 1.8151e+01 1.5995e+01 2.0232e+01 1.6034e+01 2.0075e+01 1.7742e+01 1.8943e+01 0.0 0.0
  94.2500 1.7863e+01 1.5741e+01 1.9910e+01 1.5779e+01 1.9756e+01 1.7461e+01 1.8642e+01 0.0 0.0
  94.5000 1.7580e+01 1.5492e+01 1.9595e+01 1.5529e+01 1.9443e+01 1.7184e+01 1.8347e+01 0.0 0.0
  94.7500 1.7302e+01 1.5247e+01 1.9285e+01 1.5284e+01 1.9135e+01 1.6913e+01 1.8057e+01 0.0 0.0
  95.0000 1.7029e+01 1.5006e+01 1.8980e+01 1.5043e+01 1.8833e+01 1.6646e+01 1.7773e+01 0.0 0.0
  95.2500 1.6761e+01 1.4770e+01 1.8681e+01 1.4806e+01 1.8536e+01 1.6385e+01 1.7493e+01 0.0 0.0
  95.5000 1.6498e+01 1.4538e+01 1.8387e+01 1.4573e+01 1.8245e+01 1.6128e+01 1.7219e+01 0.0 0.0
  95.7500 1.6240e+01 1.4310e+01 1.8099e+01 1.4344e+01 1.7958e+01 1.5875e+01 1.6949e+01 0.0 0.0
  96.0000 1.5986e+01 1.4086e+01 1.7816e+01 1.4120e+01 1.7677e+01 1.5627e+01 1.6684e+01 0.0 0.0
  96.2500 1.5736e+01 1.3866e+01 1.7537e+01 1.3899e+01 1.7401e+01 1.5383e+01 1.6424e+01 0.0 0.0
  96.5000 1.5492e+01 1.3650e+01 1.7264e+01 1.3683e+01 1.7130e+01 1.5144e+01 1.6168e+01 0.0 0.0
  96.7500 1.5251e+01 1.3438e+01 1.6996e+01 1.3470e+01 1.6863e+01 1.4909e+01 1.5917e+01 0.0 0.0
  97.0000 1.5014e+01 1.3229e+01 1.6732e+01 1.3261e+01 1.6602e+01 1.4678e+01 1.5671e+01 0.0 0.0
  97.2500 1.4782e+01 1.3024e+01 1.6473e+01 1.3056e+01 1.6344e+01 1.4451e+01 1.5428e+01 0.0 0.0
  97.5000 1.4554e+01 1.2823e+01 1.6218e+01 1.2854e+01 1.6092e+01 1.4228e+01 1.5190e+01 0.0 0.0
  97.7500 1.4330e+01 1.2626e+01 1.5968e+01 1.2656e+01 1.5844e+01 1.4009e+01 1.4957e+01 0.0 0.0
  98.0000 1.4110e+01 1.2431e+01 1.5723e+01 1.2461e+01 1.5600e+01 1.3794e+01 1.4727e+01 0.0 0.0
  98.2500 1.3893e+01 1.2241e+01 1.5481e+01 1.2270e+01 1.5360e+01 1.3582e+01 1.4501e+01 0.0 0.0
  98.5000 1.3681e+01 1.2053e+01 1.5244e+01 1.2082e+01 1.5125e+01 1.3375e+01 1.4279e+01 0.0 0.0
  98.7500 1.3472e+01 1.1869e+01 1.5011e+01 1.1897e+01 1.4893e+01 1.3171e+01 1.4061e+01 0.0 0.0
  99.0000 1.3266e+01 1.1688e+01 1.4782e+01 1.1716e+01 1.4666e+01 1.2970e+01 1.3847e+01 0.0 0.0
  99.2500 1.3065e+01 1.1510e+01 1.4557e+01 1.1538e+01 1.4443e+01 1.2773e+01 1.3637e+01 0.0 0.0
  99.5000 1.2866e+01 1.1335e+01 1.4336e+01 1.1362e+01 1.4223e+01 1.2579e+01 1.3430e+01 0.0 0.0 
  99.7500 1.2671e+01 1.1163e+01 1.4118e+01 1.1190e+01 1.4008e+01 1.2389e+01 1.3226e+01 0.0 0.0
 100.0000 1.2480e+01 1.0994e+01 1.3905e+01 1.1021e+01 1.3796e+01 1.2201e+01 1.3027e+01 0.0 0.0
